[gd_scene load_steps=68 format=3 uid="uid://c0ud674ybdois"]

[ext_resource type="Environment" uid="uid://bxidrbipitv6o" path="res://assets/environment/env_7.tres" id="1_qsxik"]
[ext_resource type="Texture2D" uid="uid://cnn5fwr2ojv11" path="res://assets/textures/vfx/moon_texture.png" id="2_7j85a"]
[ext_resource type="Texture2D" uid="uid://fj3mi5qoo2o6" path="res://assets/textures/env/skyline_bg.png" id="3_5b74y"]
[ext_resource type="Texture2D" uid="uid://lc8jirnmdhqv" path="res://assets/textures/medieval/yellow-seamless-sett-texture.jpg" id="4_gn1aw"]
[ext_resource type="Script" path="res://scenes/water_area.gd" id="5_1q53j"]
[ext_resource type="Script" path="res://scripts/procedural/water_collision_shape.gd" id="6_ed2mg"]
[ext_resource type="Material" uid="uid://crfxa6bkikyfi" path="res://assets/models/env/river_bed/water.tres" id="7_m71qt"]
[ext_resource type="Material" uid="uid://4a34kvy5tvfs" path="res://assets/shaders/underwater_material.tres" id="8_tbp32"]
[ext_resource type="Material" uid="uid://diab4e106b2st" path="res://assets/materials/house_wall.tres" id="9_mnla3"]
[ext_resource type="PackedScene" uid="uid://bqew4wl4asl5t" path="res://assets/models/building_blocks/spiral_stairs_4.glb" id="10_d8r33"]
[ext_resource type="PackedScene" uid="uid://ddutohny1gn8k" path="res://prefabs/building_blocks/torch_on.tscn" id="10_fedt7"]
[ext_resource type="PackedScene" uid="uid://dabdutuwbjt5x" path="res://prefabs/building_blocks/brass_door_no_frame.tscn" id="11_8opx3"]
[ext_resource type="PackedScene" uid="uid://biwrd1alb43lk" path="res://prefabs/candle_short_on.tscn" id="11_jhau7"]
[ext_resource type="PackedScene" uid="uid://djimgpl6hvpuu" path="res://prefabs/barrel.tscn" id="11_knwdj"]
[ext_resource type="Material" uid="uid://cnv52hl6lnudl" path="res://assets/materials/candle.tres" id="12_j3grc"]
[ext_resource type="Script" path="res://scripts/vfx/omnilight_flicker.gd" id="13_c5sup"]
[ext_resource type="Script" path="res://scripts/procedural/igniter.gd" id="14_7rw5u"]
[ext_resource type="Material" uid="uid://bxwlp000cigp8" path="res://assets/materials/iron_bar.tres" id="14_31bc1"]
[ext_resource type="Texture2D" uid="uid://dic5cwk3icpv6" path="res://assets/textures/vfx/candle.png" id="15_5xpi6"]
[ext_resource type="Script" path="res://scripts/procedural/ignitable.gd" id="16_etg5h"]
[ext_resource type="Script" path="res://scripts/interactive/Carriable.gd" id="16_imo6e"]
[ext_resource type="Material" uid="uid://cpw0gk8ua7o7e" path="res://assets/materials/wood_portico.tres" id="17_6xw7o"]
[ext_resource type="PackedScene" uid="uid://5ko1dwipf14y" path="res://prefabs/building_blocks/well_4.tscn" id="17_rig6u"]
[ext_resource type="Texture2D" uid="uid://c0j1eig1a842x" path="res://assets/textures/medieval/prison_map.png" id="17_t30s2"]
[ext_resource type="PackedScene" uid="uid://bx4y44rdruyi7" path="res://prefabs/entities/player.tscn" id="18_82ara"]
[ext_resource type="PackedScene" uid="uid://dlckj6voogyui" path="res://prefabs/building_blocks/silver_bar_door.tscn" id="18_mj1rs"]
[ext_resource type="PackedScene" uid="uid://o8bojx0uugy2" path="res://prefabs/candle_long_on.tscn" id="18_vxi3a"]
[ext_resource type="PackedScene" uid="uid://dxkipe3wxamcu" path="res://prefabs/ui/game_ui.tscn" id="19_ukq1f"]
[ext_resource type="PackedScene" uid="uid://6w2qvvdo2jh4" path="res://prefabs/entities/enemy_goap.tscn" id="20_clajy"]
[ext_resource type="PackedScene" uid="uid://crxjt1r5cc71g" path="res://prefabs/building_blocks/torch.tscn" id="22_y303n"]

[sub_resource type="StandardMaterial3D" id="StandardMaterial3D_pcmgd"]
disable_fog = true
metallic = 1.0
emission_enabled = true
emission = Color(0.65098, 0.568627, 0.184314, 1)
emission_operator = 1
emission_texture = ExtResource("2_7j85a")
texture_filter = 0
disable_receive_shadows = true

[sub_resource type="SphereMesh" id="SphereMesh_6m5tf"]
radius = 100.0
height = 200.0

[sub_resource type="StandardMaterial3D" id="StandardMaterial3D_g74q4"]
transparency = 1
disable_fog = true
albedo_texture = ExtResource("3_5b74y")
texture_filter = 0

[sub_resource type="QuadMesh" id="QuadMesh_8h1vi"]
size = Vector2(140, 140)

[sub_resource type="StandardMaterial3D" id="StandardMaterial3D_6thla"]
albedo_color = Color(0.92549, 0.870588, 0.792157, 1)
albedo_texture = ExtResource("4_gn1aw")
uv1_scale = Vector3(0.125, 0.25, 0.25)
uv1_triplanar = true
uv1_world_triplanar = true

[sub_resource type="BoxShape3D" id="BoxShape3D_l2n77"]
size = Vector3(10, 3, 100)

[sub_resource type="QuadMesh" id="QuadMesh_2irkj"]
material = ExtResource("7_m71qt")
size = Vector2(10, 100)

[sub_resource type="BoxMesh" id="BoxMesh_gmg1n"]
material = ExtResource("8_tbp32")
size = Vector3(9.999, 2.9997, 99.99)

[sub_resource type="StandardMaterial3D" id="StandardMaterial3D_qmj2w"]
transparency = 1
albedo_color = Color(0, 0.219608, 0.137255, 0.588235)
metallic_specular = 1.0
roughness = 0.3

[sub_resource type="QuadMesh" id="QuadMesh_wo4hl"]
size = Vector2(0.286, 0.407)

[sub_resource type="CylinderMesh" id="CylinderMesh_guxru"]
top_radius = 0.03
bottom_radius = 0.03
height = 0.25
radial_segments = 4
rings = 1

[sub_resource type="StandardMaterial3D" id="StandardMaterial3D_0wc3d"]
shading_mode = 0
albedo_color = Color(1, 0.784314, 0, 1)

[sub_resource type="SphereShape3D" id="SphereShape3D_iogfw"]
radius = 0.2

[sub_resource type="Curve" id="Curve_06fj3"]
_data = [Vector2(0, 1), 0.0, -0.445115, 0, 0, Vector2(1, 0), -1.62068, 0.0, 0, 0]
point_count = 2

[sub_resource type="CurveTexture" id="CurveTexture_x2yda"]
curve = SubResource("Curve_06fj3")

[sub_resource type="Gradient" id="Gradient_t0kxs"]
offsets = PackedFloat32Array(0, 0.237705, 0.561475)
colors = PackedColorArray(1, 0.968002, 0.431428, 1, 0.912296, 0.771426, 0, 1, 0.77192, 0.22088, 0, 1)

[sub_resource type="GradientTexture1D" id="GradientTexture1D_2kkno"]
gradient = SubResource("Gradient_t0kxs")

[sub_resource type="Curve" id="Curve_f17wr"]
_data = [Vector2(0, 0), 0.0, 3.43082, 0, 0, Vector2(1, 1), 0.0, 0.178046, 0, 0]
point_count = 2

[sub_resource type="CurveTexture" id="CurveTexture_pbwux"]
curve = SubResource("Curve_f17wr")

[sub_resource type="ParticleProcessMaterial" id="ParticleProcessMaterial_k783y"]
emission_shape_scale = Vector3(1, 1, 0.01)
angle_min = -1.0
angle_max = 1.0
gravity = Vector3(0, 0, 0)
scale_min = 0.23
scale_max = 0.25
scale_curve = SubResource("CurveTexture_pbwux")
color_ramp = SubResource("GradientTexture1D_2kkno")
alpha_curve = SubResource("CurveTexture_x2yda")

[sub_resource type="StandardMaterial3D" id="StandardMaterial3D_stvex"]
transparency = 1
blend_mode = 1
shading_mode = 0
vertex_color_use_as_albedo = true
albedo_texture = ExtResource("15_5xpi6")
billboard_mode = 3
billboard_keep_scale = true
particles_anim_h_frames = 1
particles_anim_v_frames = 1
particles_anim_loop = false

[sub_resource type="QuadMesh" id="QuadMesh_edlm2"]
material = SubResource("StandardMaterial3D_stvex")
center_offset = Vector3(0, 0.15, 0)

[sub_resource type="SphereShape3D" id="SphereShape3D_cekqs"]
radius = 0.2

[sub_resource type="StandardMaterial3D" id="StandardMaterial3D_aq4jw"]
albedo_color = Color(0.341176, 0.192157, 0.0823529, 1)

[sub_resource type="BoxMesh" id="BoxMesh_hlr18"]
size = Vector3(0.007, 0.075, 0.007)

[sub_resource type="BoxShape3D" id="BoxShape3D_nb86l"]
size = Vector3(2, 0.07, 1)

[sub_resource type="BoxShape3D" id="BoxShape3D_snnch"]
size = Vector3(2, 0.07, 1)

[sub_resource type="BoxMesh" id="BoxMesh_7mw4e"]
size = Vector3(2, 0.07, 1)

[sub_resource type="StandardMaterial3D" id="StandardMaterial3D_p3433"]
albedo_color = Color(0.611765, 0.466667, 0.188235, 1)
emission = Color(0.611765, 0.466667, 0.188235, 1)
emission_energy_multiplier = 0.0

[sub_resource type="BoxShape3D" id="BoxShape3D_6whed"]
size = Vector3(0.359863, 0.109519, 0.571289)

[sub_resource type="BoxShape3D" id="BoxShape3D_5abhw"]
size = Vector3(0.359863, 0.109519, 0.571289)

[sub_resource type="BoxMesh" id="BoxMesh_6f4ih"]
size = Vector3(0.359863, 0.109519, 0.571289)

[sub_resource type="StandardMaterial3D" id="StandardMaterial3D_biutj"]
albedo_color = Color(0.956863, 0.882353, 0.792157, 1)
emission = Color(0.956863, 0.882353, 0.792157, 1)
emission_energy_multiplier = 0.0

[sub_resource type="CylinderShape3D" id="CylinderShape3D_6uett"]
height = 0.4
radius = 0.2

[sub_resource type="CylinderShape3D" id="CylinderShape3D_w8ib2"]
height = 0.4
radius = 0.2

[sub_resource type="StandardMaterial3D" id="StandardMaterial3D_05sj1"]
transparency = 1
albedo_texture = ExtResource("17_t30s2")

[sub_resource type="QuadMesh" id="QuadMesh_3n1ad"]

[node name="Prison" type="Node3D"]

[node name="WorldEnvironment" type="WorldEnvironment" parent="."]
environment = ExtResource("1_qsxik")

[node name="sun" type="DirectionalLight3D" parent="WorldEnvironment" groups=["light_source"]]
transform = Transform3D(1, 0, 0, 0, -4.37114e-08, -1, 0, 1, -4.37114e-08, 33.6888, 16, 0)
light_energy = 0.0
shadow_enabled = true
shadow_reverse_cull_face = true

[node name="moon" type="DirectionalLight3D" parent="WorldEnvironment" groups=["light_source"]]
transform = Transform3D(-0.642788, 0.46315, -0.610177, 0, 0.79653, 0.604599, 0.766044, 0.388629, -0.512, 0, 16, 0)
light_color = Color(0.470588, 0.788235, 0.972549, 1)
light_energy = 0.1
shadow_enabled = true
shadow_reverse_cull_face = true

[node name="moon_mesh" type="MeshInstance3D" parent="WorldEnvironment"]
transform = Transform3D(-0.953338, 0.187003, -0.237016, 0.132231, 0.964396, 0.229031, 0.271407, 0.187003, -0.944123, -1514.5, 806.245, -1046.25)
layers = 524288
material_override = SubResource("StandardMaterial3D_pcmgd")
mesh = SubResource("SphereMesh_6m5tf")

[node name="MeshInstance3D" type="MeshInstance3D" parent="WorldEnvironment"]
transform = Transform3D(0.707107, 0, 0.707107, 0, 1, 0, -0.707107, 0, 0.707107, -49.1957, -9, -39.5189)
material_override = SubResource("StandardMaterial3D_g74q4")
cast_shadow = 0
mesh = SubResource("QuadMesh_8h1vi")
skeleton = NodePath("../..")

[node name="MeshInstance3D6" type="MeshInstance3D" parent="WorldEnvironment"]
transform = Transform3D(1, 0, 0, 0, 1, 0, 0, 0, 1, 37.3043, -9, -103.019)
material_override = SubResource("StandardMaterial3D_g74q4")
cast_shadow = 0
mesh = SubResource("QuadMesh_8h1vi")
skeleton = NodePath("../..")

[node name="MeshInstance3D2" type="MeshInstance3D" parent="WorldEnvironment"]
transform = Transform3D(-0.602526, 0, 0.798099, 0, 1, 0, -0.798099, 0, -0.602526, -68.4804, -9, 78.7656)
material_override = SubResource("StandardMaterial3D_g74q4")
cast_shadow = 0
mesh = SubResource("QuadMesh_8h1vi")
skeleton = NodePath("../..")

[node name="MeshInstance3D7" type="MeshInstance3D" parent="WorldEnvironment"]
transform = Transform3D(-0.993044, 0, 0.117745, 0, 1, 0, -0.117745, 0, -0.993044, -18.5269, -9, 104.422)
material_override = SubResource("StandardMaterial3D_g74q4")
cast_shadow = 0
mesh = SubResource("QuadMesh_8h1vi")
skeleton = NodePath("../..")

[node name="MeshInstance3D8" type="MeshInstance3D" parent="WorldEnvironment"]
transform = Transform3D(0.181051, 0, 0.983474, 0, 1, 0, -0.983474, 0, 0.181051, -100.551, -9, 14.6139)
material_override = SubResource("StandardMaterial3D_g74q4")
cast_shadow = 0
mesh = SubResource("QuadMesh_8h1vi")
skeleton = NodePath("../..")

[node name="MeshInstance3D3" type="MeshInstance3D" parent="WorldEnvironment"]
transform = Transform3D(-0.707107, 0, -0.707107, 0, 1, 0, 0.707107, 0, -0.707107, 49.4457, -9, 58.7689)
material_override = SubResource("StandardMaterial3D_g74q4")
cast_shadow = 0
mesh = SubResource("QuadMesh_8h1vi")
skeleton = NodePath("../..")

[node name="MeshInstance3D4" type="MeshInstance3D" parent="WorldEnvironment"]
transform = Transform3D(0.707107, 0, -0.707107, 0, 1, 0, 0.707107, 0, 0.707107, 97.3746, -9, -120.155)
material_override = SubResource("StandardMaterial3D_g74q4")
cast_shadow = 0
mesh = SubResource("QuadMesh_8h1vi")
skeleton = NodePath("../..")

[node name="MeshInstance3D5" type="MeshInstance3D" parent="WorldEnvironment"]
transform = Transform3D(1.49012e-07, 0, -1, 0, 1, 0, 1, 0, 1.49012e-07, 98.8746, -9, -41.655)
material_override = SubResource("StandardMaterial3D_g74q4")
cast_shadow = 0
mesh = SubResource("QuadMesh_8h1vi")
skeleton = NodePath("../..")

[node name="level" type="Node3D" parent="."]

[node name="floor" type="CSGBox3D" parent="level"]
transform = Transform3D(1, 0, 0, 0, 1, 0, 0, 0, 1, 0, -3.375, 0)
material_override = SubResource("StandardMaterial3D_6thla")
use_collision = true
size = Vector3(200, 6.75, 100)

[node name="canal" type="CSGBox3D" parent="level/floor"]
transform = Transform3D(1, 0, 0, 0, 1, 0, 0, 0, 1, 0, 1.375, -2.5)
operation = 2
size = Vector3(10, 4, 111.5)

[node name="water_area" type="Area3D" parent="level/floor"]
transform = Transform3D(1, 0, 0, 0, 1, 0, 0, 0, 1, 0, 1, 0)
collision_layer = 8
collision_mask = 8
script = ExtResource("5_1q53j")

[node name="CollisionShape3D" type="CollisionShape3D" parent="level/floor/water_area"]
shape = SubResource("BoxShape3D_l2n77")
script = ExtResource("6_ed2mg")

[node name="surface" type="MeshInstance3D" parent="level/floor/water_area"]
transform = Transform3D(1, 0, 0, 0, -4.37114e-08, 1, 0, -1, -4.37114e-08, 0, 1.5, 0)
mesh = SubResource("QuadMesh_2irkj")

[node name="under_water" type="MeshInstance3D" parent="level/floor/water_area"]
mesh = SubResource("BoxMesh_gmg1n")

[node name="south_ward" type="CSGBox3D" parent="level"]
transform = Transform3D(1, 0, 0, 0, 1, 0, 0, 0, 1, 30, 8, 39.25)
material_override = ExtResource("9_mnla3")
use_collision = true
size = Vector3(50, 16, 21.5)

[node name="south_ward" type="CSGBox3D" parent="level/south_ward"]
operation = 2
size = Vector3(49, 15, 20.5)

[node name="door2" type="CSGBox3D" parent="level/south_ward"]
transform = Transform3D(1, 0, 0, 0, 1, 0, 0, 0, 1, 17.375, 5.25, -10.75)
operation = 2
size = Vector3(1, 2, 1.75)

[node name="east_tower2" type="CSGBox3D" parent="level/south_ward"]
transform = Transform3D(1, 0, 0, 0, 1, 0, 0, 0, 1, 22.125, 9.15682, 8.25)
material_override = ExtResource("9_mnla3")
operation = 2
use_collision = true
size = Vector3(5, 4, 4.5)

[node name="floor_3" type="CSGBox3D" parent="level/south_ward"]
transform = Transform3D(1, 0, 0, 0, 1, 0, 0, 0, 1, 0, 4, 0)
size = Vector3(49, 0.5, 20.5)

[node name="CSGBox3D" type="CSGBox3D" parent="level/south_ward/floor_3"]
transform = Transform3D(1, 0, 0, 0, 1, 0, 0, 0, 1, -9.25, 0, 8.625)
operation = 2
size = Vector3(3.5, 1, 3.25)

[node name="floor_4" type="CSGBox3D" parent="level/south_ward"]
transform = Transform3D(1, 0, 0, 0, 1, 0, 0, 0, 1, 15.75, 7.75, 0)
visible = false
size = Vector3(17.5, 0.5, 20.5)

[node name="window2" type="CSGBox3D" parent="level/south_ward"]
transform = Transform3D(-4.37114e-08, 0, -1, 0, 1, 0, 1, 0, -4.37114e-08, -4.25, 6.5, -10.5)
operation = 2
size = Vector3(1, 1, 1.5)

[node name="SpotLight3D" type="SpotLight3D" parent="level/south_ward/window2"]
transform = Transform3D(0.756626, 0.0901862, -0.647599, 0.184334, 0.920845, 0.343607, 0.627327, -0.379356, 0.68011, -1.36547, 0.816158, 1.54886)
light_color = Color(0.470588, 0.788235, 0.972549, 1)
light_size = 1.0
shadow_enabled = true
spot_range = 20.0
spot_angle = 16.0

[node name="window3" type="CSGBox3D" parent="level/south_ward"]
transform = Transform3D(-4.37114e-08, 0, -1, 0, 1, 0, 1, 0, -4.37114e-08, 1.25, 6.5, -10.5)
operation = 2
size = Vector3(1, 1, 1.5)

[node name="SpotLight3D" type="SpotLight3D" parent="level/south_ward/window3"]
transform = Transform3D(0.756626, 0.0901862, -0.647599, 0.184334, 0.920845, 0.343607, 0.627327, -0.379356, 0.68011, -1.36547, 0.816158, 1.54886)
light_color = Color(0.470588, 0.788235, 0.972549, 1)
light_size = 1.0
shadow_enabled = true
spot_range = 20.0
spot_angle = 16.0

[node name="window4" type="CSGBox3D" parent="level/south_ward"]
transform = Transform3D(-4.37114e-08, 0, -1, 0, 1, 0, 1, 0, -4.37114e-08, 6.75, 6.5, -10.5)
operation = 2
size = Vector3(1, 1, 1.5)

[node name="SpotLight3D" type="SpotLight3D" parent="level/south_ward/window4"]
transform = Transform3D(0.756626, 0.0901862, -0.647599, 0.184334, 0.920845, 0.343607, 0.627327, -0.379356, 0.68011, -1.36547, 0.816158, 1.54886)
light_color = Color(0.470588, 0.788235, 0.972549, 1)
light_size = 1.0
shadow_enabled = true
spot_range = 20.0
spot_angle = 16.0

[node name="interior" type="Node3D" parent="level/south_ward"]

[node name="wall4" type="CSGBox3D" parent="level/south_ward/interior"]
transform = Transform3D(-1, 0, 1.50996e-07, 0, 1, 0, -1.50996e-07, 0, -1, 14.9151, 5.8592, 3.92046)
material_override = ExtResource("9_mnla3")
use_collision = true
size = Vector3(5, 3.25, 0.5)

[node name="CSGBox3D2" type="CSGBox3D" parent="level/south_ward/interior/wall4"]
transform = Transform3D(1, 0, 0, 0, 1, 0, 0, 0, 1, 0, -0.625, 0)
operation = 2
size = Vector3(1, 2, 2)

[node name="torch2" parent="level/south_ward/interior/wall4" instance=ExtResource("10_fedt7")]
transform = Transform3D(-1, 0, -8.74228e-08, 0, 1, 0, 8.74228e-08, 0, -1, 1.25, 0, 0.455563)
visible = false

[node name="brass_door2" parent="level/south_ward/interior/wall4" instance=ExtResource("11_8opx3")]
transform = Transform3D(-4.37114e-08, 0, 1, 0, 1, 0, -1, 0, -4.37114e-08, 0.5, -0.675, 0)

[node name="torch3" parent="level/south_ward/interior/wall4" instance=ExtResource("10_fedt7")]
transform = Transform3D(1, 0, 0, 0, 1, 0, 0, 0, 1, 1.24998, 0, -0.429512)

[node name="torch4" parent="level/south_ward/interior/wall4" instance=ExtResource("10_fedt7")]
transform = Transform3D(1, 0, 0, 0, 1, 0, 0, 0, 1, -1.25002, 0, -0.429512)

[node name="wall5" type="CSGBox3D" parent="level/south_ward/interior"]
transform = Transform3D(-0.706304, 0.0218059, 0.707572, 0.0148026, 0.999762, -0.0160345, -0.707754, -0.000851314, -0.706459, 18.4151, 5.8592, 5.17046)
material_override = ExtResource("9_mnla3")
use_collision = true
size = Vector3(4, 3.25, 0.5)

[node name="wall6" type="CSGBox3D" parent="level/south_ward/interior"]
transform = Transform3D(-0.707754, -0.000851314, -0.706459, 0.0148026, 0.999762, -0.0160345, 0.706304, -0.0218059, -0.707572, 11.0612, 5.8666, 5.52361)
material_override = ExtResource("9_mnla3")
use_collision = true
size = Vector3(5, 3.25, 0.5)

[node name="wall7" type="CSGBox3D" parent="level/south_ward/interior"]
transform = Transform3D(1, 0, -2.38419e-07, 0, 1, 0, 2.38419e-07, 0, 1, 14.9151, 5.8592, -3.66288)
material_override = ExtResource("9_mnla3")
use_collision = true
size = Vector3(5, 3.25, 0.5)

[node name="CSGBox3D2" type="CSGBox3D" parent="level/south_ward/interior/wall7"]
transform = Transform3D(1, 0, 0, 0, 1, 0, 0, 0, 1, 0, -0.625, 0)
operation = 2
size = Vector3(1, 2, 1)

[node name="torch" parent="level/south_ward/interior/wall7" instance=ExtResource("10_fedt7")]
transform = Transform3D(-1, 0, -8.74228e-08, 0, 1, 0, 8.74228e-08, 0, -1, -1.25, 0, 0.455563)
visible = false

[node name="wall10" type="CSGBox3D" parent="level/south_ward/interior"]
transform = Transform3D(-2.8213e-07, 0, -1, 0, 1, 0, 1, 0, -2.8213e-07, 17.1651, 5.8592, 0.0871201)
material_override = ExtResource("9_mnla3")
use_collision = true
size = Vector3(7, 3.25, 0.5)

[node name="CSGBox3D2" type="CSGBox3D" parent="level/south_ward/interior/wall10"]
transform = Transform3D(1, 0, 0, 0, 1, 0, 0, 0, 1, 0, -0.625, 0)
operation = 2
size = Vector3(1, 2, 1)

[node name="torch" parent="level/south_ward/interior/wall10" instance=ExtResource("10_fedt7")]
transform = Transform3D(-1, 0, -8.74228e-08, 0, 1, 0, 8.74228e-08, 0, -1, -1.25, 0, 0.455563)
visible = false

[node name="torch2" parent="level/south_ward/interior/wall10" instance=ExtResource("10_fedt7")]
transform = Transform3D(-1, 0, -8.74228e-08, 0, 1, 0, 8.74228e-08, 0, -1, 1.25, 0, 0.455563)
visible = false

[node name="torch3" parent="level/south_ward/interior/wall10" instance=ExtResource("10_fedt7")]
transform = Transform3D(1, 0, 0, 0, 1, 0, 0, 0, 1, 1.24998, 0, -0.429512)
visible = false

[node name="torch4" parent="level/south_ward/interior/wall10" instance=ExtResource("10_fedt7")]
transform = Transform3D(1, 0, 0, 0, 1, 0, 0, 0, 1, -1.25002, 0, -0.429512)
visible = false

[node name="brass_door2" parent="level/south_ward/interior/wall10" instance=ExtResource("11_8opx3")]
transform = Transform3D(-4.37114e-08, 0, -1, 0, 1, 0, 1, 0, -4.37114e-08, -0.500038, -0.676117, 0)

[node name="barrel" parent="level/south_ward/interior/wall10" instance=ExtResource("11_knwdj")]
transform = Transform3D(0.5, 0, 0.866025, 0, 1, 0, -0.866025, 0, 0.5, -3.04978, -1, 0.681515)

[node name="candle_long" parent="level/south_ward/interior/wall10/barrel" instance=ExtResource("18_vxi3a")]
transform = Transform3D(1, 0, 0, 0, 1, 0, 0, 0, 1, -0.0493603, 0.418627, 0.127327)

[node name="barrel2" parent="level/south_ward/interior/wall10" instance=ExtResource("11_knwdj")]
transform = Transform3D(-0.63334, 0, 0.773873, 0, 1, 0, -0.773873, 0, -0.63334, -7.61141, -1, 3.61469)

[node name="barrel5" parent="level/south_ward/interior/wall10" instance=ExtResource("11_knwdj")]
transform = Transform3D(-2.98023e-08, 0, 1, 0, 1, 0, -1, 0, -2.98023e-08, -4.64614, -1, 1.16366)

[node name="candle_long" parent="level/south_ward/interior/wall10/barrel5" instance=ExtResource("18_vxi3a")]
transform = Transform3D(0.999999, 0, 1.98952e-13, 0, 1, 0, -1.98952e-13, 0, 0.999999, -0.158688, 0.477536, -0.0816612)

[node name="barrel3" parent="level/south_ward/interior/wall10" instance=ExtResource("11_knwdj")]
transform = Transform3D(-2.98023e-08, 0, 1, 0, 1, 0, -1, 0, -2.98023e-08, -7.30632, -1, 5.60228)

[node name="barrel6" parent="level/south_ward/interior/wall10" instance=ExtResource("11_knwdj")]
transform = Transform3D(-2.98023e-08, 0, 1, 0, 1, 0, -1, 0, -2.98023e-08, -8.82093, -1, 4.10258)

[node name="barrel9" parent="level/south_ward/interior/wall10" instance=ExtResource("11_knwdj")]
transform = Transform3D(-2.98023e-08, 0, 1, 0, 1, 0, -1, 0, -2.98023e-08, -9.16816, -1, 5.15191)

[node name="barrel10" parent="level/south_ward/interior/wall10" instance=ExtResource("11_knwdj")]
transform = Transform3D(-2.98023e-08, 0, 1, 0, 1, 0, -1, 0, -2.98023e-08, -9.76133, -1, 6.88569)

[node name="barrel4" parent="level/south_ward/interior/wall10" instance=ExtResource("11_knwdj")]
transform = Transform3D(-2.98023e-08, 0, 1, 0, 1, 0, -1, 0, -2.98023e-08, -6.44764, -1, 5.92336)

[node name="barrel7" parent="level/south_ward/interior/wall10" instance=ExtResource("11_knwdj")]
transform = Transform3D(-0.63334, 0, 0.773873, 0, 1, 0, -0.773873, 0, -0.63334, -7.26637, -1, -5.82003)

[node name="barrel8" parent="level/south_ward/interior/wall10" instance=ExtResource("11_knwdj")]
transform = Transform3D(-0.63334, 0, 0.773873, 0, 1, 0, -0.773873, 0, -0.63334, -7.22306, -1, -6.71853)

[node name="barrel11" parent="level/south_ward/interior/wall10" instance=ExtResource("11_knwdj")]
transform = Transform3D(-0.63334, 0, 0.773873, 0, 1, 0, -0.773873, 0, -0.63334, -8.06285, -1, -6.71853)

[node name="barrel12" parent="level/south_ward/interior/wall10" instance=ExtResource("11_knwdj")]
transform = Transform3D(-0.63334, 0, 0.773873, 0, 1, 0, -0.773873, 0, -0.63334, -9.72065, -1, -6.75587)

[node name="barrel13" parent="level/south_ward/interior/wall10" instance=ExtResource("11_knwdj")]
transform = Transform3D(-0.63334, 0, 0.773873, 0, 1, 0, -0.773873, 0, -0.63334, -7.28831, -1, -3.5577)

[node name="barrel15" parent="level/south_ward/interior/wall10" instance=ExtResource("11_knwdj")]
transform = Transform3D(-0.63334, 0, 0.773873, 0, 1, 0, -0.773873, 0, -0.63334, -9.25471, -1, -5.84502)

[node name="wall8" type="CSGBox3D" parent="level/south_ward/interior"]
transform = Transform3D(0.706304, -0.0218059, -0.707573, 0.0148026, 0.999762, -0.0160345, 0.707754, 0.000851313, 0.706459, 11.4151, 5.8592, -4.91288)
material_override = ExtResource("9_mnla3")
use_collision = true
size = Vector3(4, 3.25, 0.5)

[node name="wall9" type="CSGBox3D" parent="level/south_ward/interior"]
transform = Transform3D(0.707754, 0.000851313, 0.706459, 0.0148026, 0.999762, -0.0160345, -0.706304, 0.0218059, 0.707572, 18.4151, 5.8592, -4.91288)
material_override = ExtResource("9_mnla3")
use_collision = true
size = Vector3(4, 3.25, 0.5)

[node name="torch3" parent="level/south_ward/interior/wall9" instance=ExtResource("10_fedt7")]
transform = Transform3D(0.999562, 0.0295981, 0.00047493, -0.0295981, 0.999048, 0.0320613, 0.000474542, -0.0320613, 0.999486, 0, 0, -0.5)
visible = false

[node name="wall11" type="CSGBox3D" parent="level/south_ward/interior"]
transform = Transform3D(0.00102484, 0.016021, 0.999871, 0.0148026, 0.999762, -0.0160345, -0.99989, 0.0148171, 0.000787407, 19.9151, 5.8592, -8.16288)
material_override = ExtResource("9_mnla3")
use_collision = true
size = Vector3(4, 3.25, 0.5)

[node name="wall11" type="CSGBox3D" parent="level/south_ward/interior/wall11"]
transform = Transform3D(1, 0, 1.04774e-08, -2.68221e-07, 1, -1.75994e-07, 4.48199e-09, 5.27507e-11, 0.999983, 0.250008, -0.374996, -1.52588e-05)
material_override = ExtResource("9_mnla3")
operation = 2
use_collision = true
size = Vector3(2, 2.5, 0.75)

[node name="wall12" type="CSGBox3D" parent="level/south_ward/interior"]
transform = Transform3D(0.99989, -0.0148171, -0.000787451, 0.0148026, 0.999762, -0.0160345, 0.00102489, 0.016021, 0.999871, 22.1651, 5.8592, -6.41288)
material_override = ExtResource("9_mnla3")
use_collision = true
size = Vector3(5, 3.25, 0.5)

[node name="CSGBox3D" type="CSGBox3D" parent="level/south_ward/interior"]
transform = Transform3D(1, 0, 0, 0, 1, 0, 0, 0, 1, -19, 5.875, 0)
material_override = ExtResource("9_mnla3")
use_collision = true
size = Vector3(0.5, 3.25, 20.5)

[node name="CSGBox3D" type="CSGBox3D" parent="level/south_ward/interior/CSGBox3D"]
transform = Transform3D(1, 0, 0, 0, 1, 0, 0, 0, 1, 0, -0.625, 4)
operation = 2
size = Vector3(1, 2, 1)

[node name="CSGBox3D2" type="CSGBox3D" parent="level/south_ward/interior/CSGBox3D"]
transform = Transform3D(1, 0, 0, 0, 1, 0, 0, 0, 1, 0, 0.125, 7.24999)
operation = 2
size = Vector3(1, 1.5, 3.5)

[node name="CSGBox3D3" type="CSGBox3D" parent="level/south_ward/interior/CSGBox3D"]
transform = Transform3D(1, 0, 0, 0, 1, 0, 0, 0, 1, 0, 0.125, 7.24999)
size = Vector3(0.1, 1.5, 0.1)

[node name="CSGBox3D10" type="CSGBox3D" parent="level/south_ward/interior/CSGBox3D"]
transform = Transform3D(1, 0, 0, 0, -4.37114e-08, -1, 0, 1, -4.37114e-08, 0, 0.125, 7.24999)
size = Vector3(0.1, 3.75, 0.1)

[node name="CSGBox3D4" type="CSGBox3D" parent="level/south_ward/interior/CSGBox3D"]
transform = Transform3D(1, 0, 0, 0, 1, 0, 0, 0, 1, 0, 0.125, 7.99999)
size = Vector3(0.1, 1.5, 0.1)

[node name="CSGBox3D8" type="CSGBox3D" parent="level/south_ward/interior/CSGBox3D"]
transform = Transform3D(1, 0, 0, 0, 1, 0, 0, 0, 1, 0, 0.125, 8.74999)
size = Vector3(0.1, 1.5, 0.1)

[node name="CSGBox3D5" type="CSGBox3D" parent="level/south_ward/interior/CSGBox3D"]
transform = Transform3D(1, 0, 0, 0, 1, 0, 0, 0, 1, 0, 0.125, 6.49999)
size = Vector3(0.1, 1.5, 0.1)

[node name="CSGBox3D9" type="CSGBox3D" parent="level/south_ward/interior/CSGBox3D"]
transform = Transform3D(1, 0, 0, 0, 1, 0, 0, 0, 1, 0, 0.125, 5.74999)
size = Vector3(0.1, 1.5, 0.1)

[node name="CSGBox3D5" type="CSGBox3D" parent="level/south_ward/interior"]
transform = Transform3D(1, 0, 0, 0, 1, 0, 0, 0, 1, -19, 6, 7.24999)
material_override = SubResource("StandardMaterial3D_qmj2w")
size = Vector3(0.05, 1.5, 3.5)

[node name="CSGBox3D3" type="CSGBox3D" parent="level/south_ward/interior"]
transform = Transform3D(1, 0, 0, 0, 1, 0, 0, 0, 1, -11.5, 5.875, 6)
material_override = ExtResource("9_mnla3")
use_collision = true
size = Vector3(0.5, 3.25, 8.5)

[node name="stairway" type="CSGBox3D" parent="level/south_ward/interior"]
transform = Transform3D(1, 0, 0, 0, 1, 0, 0, 0, 1, 20.25, 12.25, 8)
material_override = ExtResource("9_mnla3")
use_collision = true
size = Vector3(0.5, 16, 4)

[node name="CSGBox3D2" type="CSGBox3D" parent="level/south_ward/interior/stairway"]
transform = Transform3D(1, 0, 0, 0, 1, 0, 0, 0, 1, 0, -7, 0.25)
operation = 2
size = Vector3(1, 2, 2)

[node name="CSGBox3D3" type="CSGBox3D" parent="level/south_ward/interior/stairway"]
transform = Transform3D(1, 0, 0, 0, 1, 0, 0, 0, 1, 0, 1, 0.25)
operation = 2
size = Vector3(1, 2, 2)

[node name="CSGBox3D7" type="CSGBox3D" parent="level/south_ward/interior/stairway"]
transform = Transform3D(-4.37114e-08, 0, -1, 0, 1, 0, 1, 0, -4.37114e-08, 1.875, 0, -1.75)
material_override = ExtResource("9_mnla3")
use_collision = true
size = Vector3(0.5, 16, 4.75)

[node name="spiral_stairs_42" parent="level/south_ward/interior/stairway" instance=ExtResource("10_d8r33")]
transform = Transform3D(-2.18557e-08, 0, -0.5, 0, 0.5, 0, 0.5, 0, -2.18557e-08, 2.22758, -8.1408, 0.232956)

[node name="spiral_stairs_43" parent="level/south_ward/interior/stairway" instance=ExtResource("10_d8r33")]
transform = Transform3D(-0.5, 0, 4.37114e-08, 0, 0.5, 0, -4.37114e-08, 0, -0.5, 2.22758, -6.1408, 0.232956)

[node name="spiral_stairs_44" parent="level/south_ward/interior/stairway" instance=ExtResource("10_d8r33")]
transform = Transform3D(9.73536e-08, 0, 0.5, 0, 0.5, 0, -0.5, 0, 9.73536e-08, 2.22758, -4.1408, 0.232956)

[node name="spiral_stairs_45" parent="level/south_ward/interior/stairway" instance=ExtResource("10_d8r33")]
transform = Transform3D(0.5, 0, -1.19209e-07, 0, 0.5, 0, 1.19209e-07, 0, 0.5, 2.22758, -2.1408, 0.232956)

[node name="stairway2" type="CSGBox3D" parent="level/south_ward/interior"]
transform = Transform3D(-4.37114e-08, 0, -1, 0, 1, 0, 1, 0, -4.37114e-08, -9.25, -0.5, 6.75)
material_override = ExtResource("9_mnla3")
use_collision = true
size = Vector3(0.5, 16, 4)

[node name="CSGBox3D2" type="CSGBox3D" parent="level/south_ward/interior/stairway2"]
transform = Transform3D(1, 0, 0, 0, 1, 0, 0, 0, 1, 0, 5.75, 0)
operation = 2
size = Vector3(1, 2, 2)

[node name="CSGBox3D3" type="CSGBox3D" parent="level/south_ward/interior/stairway2"]
transform = Transform3D(1, 0, 0, 0, 1, 0, 0, 0, 1, 0, -5.75, 0)
operation = 2
size = Vector3(1, 2, 2)

[node name="CSGBox3D7" type="CSGBox3D" parent="level/south_ward/interior/stairway2"]
transform = Transform3D(-4.37114e-08, 0, -1, 0, 1, 0, 1, 0, -4.37114e-08, 2.25, 0, -2)
material_override = ExtResource("9_mnla3")
use_collision = true
size = Vector3(0.5, 16, 4)

[node name="CSGBox3D8" type="CSGBox3D" parent="level/south_ward/interior/stairway2"]
transform = Transform3D(-4.37114e-08, 0, -1, 0, 1, 0, 1, 0, -4.37114e-08, 2.25, 0, 2)
material_override = ExtResource("9_mnla3")
use_collision = true
size = Vector3(0.5, 16, 4)

[node name="spiral_stairs_42" parent="level/south_ward/interior/stairway2" instance=ExtResource("10_d8r33")]
transform = Transform3D(-2.18557e-08, 0, -0.5, 0, 0.5, 0, 0.5, 0, -2.18557e-08, 2.22758, -8.1408, -0.0170441)

[node name="spiral_stairs_43" parent="level/south_ward/interior/stairway2" instance=ExtResource("10_d8r33")]
transform = Transform3D(-0.5, 0, 4.37114e-08, 0, 0.5, 0, -4.37114e-08, 0, -0.5, 2.22758, -6.1408, -0.0170441)

[node name="spiral_stairs_44" parent="level/south_ward/interior/stairway2" instance=ExtResource("10_d8r33")]
transform = Transform3D(9.73536e-08, 0, 0.5, 0, 0.5, 0, -0.5, 0, 9.73536e-08, 2.22758, -4.1408, -0.0170441)

[node name="spiral_stairs_45" parent="level/south_ward/interior/stairway2" instance=ExtResource("10_d8r33")]
transform = Transform3D(0.5, 0, -1.19209e-07, 0, 0.5, 0, 1.19209e-07, 0, 0.5, 2.22758, -2.1408, -0.0170441)

[node name="spiral_stairs_46" parent="level/south_ward/interior/stairway2" instance=ExtResource("10_d8r33")]
transform = Transform3D(-2.18557e-08, 0, -0.5, 0, 0.5, 0, 0.5, 0, -2.18557e-08, 2.22758, -0.140802, -0.0170441)

[node name="spiral_stairs_47" parent="level/south_ward/interior/stairway2" instance=ExtResource("10_d8r33")]
transform = Transform3D(-0.5, 0, 4.37114e-08, 0, 0.5, 0, -4.37114e-08, 0, -0.5, 2.22758, 1.8592, -0.0170441)

[node name="CSGBox3D2" type="CSGBox3D" parent="level/south_ward/interior"]
transform = Transform3D(0, 0, 1, 0, 1, 0, -1, 0, 0, -18.125, 5.875, 2)
material_override = ExtResource("9_mnla3")
use_collision = true
size = Vector3(0.5, 3.25, 12.75)

[node name="CSGBox3D" type="CSGBox3D" parent="level/south_ward/interior/CSGBox3D2"]
transform = Transform3D(1, 0, 0, 0, 1, 0, 0, 0, 1, 0, -0.625, -3.75)
operation = 2
size = Vector3(1, 2, 1)

[node name="CSGBox3D2" type="CSGBox3D" parent="level/south_ward/interior/CSGBox3D2"]
transform = Transform3D(1, 0, 0, 0, 1, 0, 0, 0, 1, 0, -0.625, 4.24999)
operation = 2
size = Vector3(1, 2, 1)

[node name="CSGBox3D4" type="CSGBox3D" parent="level/south_ward/interior"]
transform = Transform3D(0, 0, 1, 0, 1, 0, -1, 0, 0, -21.875, 5.875, -6)
material_override = ExtResource("9_mnla3")
use_collision = true
size = Vector3(0.5, 3.25, 5.25)

[node name="CSGBox3D" type="CSGBox3D" parent="level/south_ward/interior/CSGBox3D4"]
transform = Transform3D(1, 0, 0, 0, 1, 0, 0, 0, 1, 0, -0.625, -2.86102e-06)
operation = 2
size = Vector3(1, 2, 1)

[node name="operation_bed" type="CSGBox3D" parent="level/south_ward/interior"]
transform = Transform3D(-1, 0, -4.37114e-08, 0, 1, 0, 4.37114e-08, 0, -1, -21.875, 4.625, -1.75)
use_collision = true
size = Vector3(1, 0.75, 2.5)

[node name="OmniLight3D" type="OmniLight3D" parent="level/south_ward/interior/operation_bed"]
transform = Transform3D(1, 0, 0, 0, 1, 0, 0, 0, 1, 0, 1.75, 0)
light_color = Color(0, 1, 0.784314, 1)
light_energy = 0.5

[node name="OmniLight3D2" type="OmniLight3D" parent="level/south_ward/interior"]
transform = Transform3D(0, 0, 1, 0, 1, 0, -1, 0, 0, -23.125, 5.375, -8.25)
light_color = Color(0.803922, 0.341176, 0, 1)
light_energy = 0.5

[node name="interogation_table" type="CSGBox3D" parent="level/south_ward/interior"]
transform = Transform3D(0.610339, 0, 0.79214, 0, 1, 0, -0.79214, 0, 0.610339, -16.431, 5.25, 6.191)
material_override = ExtResource("17_6xw7o")
use_collision = true
size = Vector3(1.75, 0.1, 1)

[node name="interogation_table2" type="CSGBox3D" parent="level/south_ward/interior/interogation_table"]
transform = Transform3D(1, 0, 8.9407e-08, 0, 1, 0, -8.9407e-08, 0, 1, -0.75, -0.5, 0.25)
size = Vector3(0.1, 1, 0.1)

[node name="interogation_table3" type="CSGBox3D" parent="level/south_ward/interior/interogation_table"]
transform = Transform3D(1, 0, 8.9407e-08, 0, 1, 0, -8.9407e-08, 0, 1, -0.75, -0.5, -0.25)
size = Vector3(0.1, 1, 0.1)

[node name="interogation_table4" type="CSGBox3D" parent="level/south_ward/interior/interogation_table"]
transform = Transform3D(1, 0, 8.9407e-08, 0, 1, 0, -8.9407e-08, 0, 1, 0.750006, -0.5, 0.249996)
size = Vector3(0.1, 1, 0.1)

[node name="interogation_table5" type="CSGBox3D" parent="level/south_ward/interior/interogation_table"]
transform = Transform3D(1, 0, 8.9407e-08, 0, 1, 0, -8.9407e-08, 0, 1, 0.749996, -0.461426, -0.250004)
size = Vector3(0.1, 0.922852, 0.1)

[node name="candle_short2" parent="level/south_ward/interior/interogation_table" instance=ExtResource("11_jhau7")]
transform = Transform3D(1, 0, 0, 0, 1, 0, 0, 0, 1, 0.480434, 0.159142, 0.118351)
skeleton = NodePath("")

[node name="candle_short3" parent="level/south_ward/interior/interogation_table" instance=ExtResource("11_jhau7")]
transform = Transform3D(1, 0, 0, 0, 1, 0, 0, 0, 1, -0.699951, 0.159142, 0.154907)
skeleton = NodePath("")

[node name="candle_long" parent="level/south_ward/interior/interogation_table" instance=ExtResource("18_vxi3a")]
transform = Transform3D(1, 0, 0, 0, 1, 0, 0, 0, 1, 0.677334, 0.3, 0.276955)

[node name="MeshInstance3D" type="MeshInstance3D" parent="level/south_ward/interior/interogation_table"]
transform = Transform3D(0.973881, 0.227059, 9.92506e-09, 0, -4.37114e-08, 1, 0.227059, -0.973881, -4.25697e-08, -0.013237, 0.0839567, -0.149834)
mesh = SubResource("QuadMesh_wo4hl")

[node name="interogation_chair" type="CSGBox3D" parent="level/south_ward/interior"]
transform = Transform3D(0.610339, 0, 0.79214, 0, 1, 0, -0.79214, 0, 0.610339, -17.1949, 4.875, 5.54403)
material_override = ExtResource("17_6xw7o")
use_collision = true
size = Vector3(0.5, 0.1, 0.5)

[node name="interogation_table2" type="CSGBox3D" parent="level/south_ward/interior/interogation_chair"]
transform = Transform3D(1, 0, 0, 0, 1, 0, 0, 0, 1, -0.2, -0.375, 0.2)
size = Vector3(0.1, 0.75, 0.1)

[node name="interogation_table3" type="CSGBox3D" parent="level/south_ward/interior/interogation_chair"]
transform = Transform3D(1, 0, 0, 0, 1, 0, 0, 0, 1, -0.25, 0.125, -0.3)
size = Vector3(0.1, 1.5, 0.1)

[node name="interogation_table4" type="CSGBox3D" parent="level/south_ward/interior/interogation_chair"]
transform = Transform3D(1, 0, 0, 0, 1, 0, 0, 0, 1, 0.2, -0.375, 0.2)
size = Vector3(0.1, 0.75, 0.1)

[node name="interogation_table5" type="CSGBox3D" parent="level/south_ward/interior/interogation_chair"]
transform = Transform3D(1, 0, 0, 0, 1, 0, 0, 0, 1, 0.200001, 0.125, -0.3)
size = Vector3(0.1, 1.5, 0.1)

[node name="interogation_table6" type="CSGBox3D" parent="level/south_ward/interior/interogation_chair"]
transform = Transform3D(1, 0, 0, 0, 1, 0, 0, 0, 1, 0, 0.375, -0.3)
size = Vector3(0.4, 1, 0.1)

[node name="torture_bed" type="CSGBox3D" parent="level/south_ward/interior"]
transform = Transform3D(6.66364e-08, -0.828686, -0.559714, 1, -1.46018e-07, -1.19209e-07, 6.99057e-10, -0.559714, 0.828686, -13.4714, 4.375, 7.74308)
material_override = ExtResource("17_6xw7o")
use_collision = true
size = Vector3(0.1, 2, 0.1)

[node name="CSGBox3D5" type="CSGBox3D" parent="level/south_ward/interior/torture_bed"]
transform = Transform3D(-0.5, 0.866025, 1.70562e-08, -0.866026, -0.5, -2.98023e-08, -2.68221e-07, -1.3411e-07, 1, 1.25, 0, 0.5)
size = Vector3(0.25, 2.5, 1.25)

[node name="CSGBox3D6" type="CSGBox3D" parent="level/south_ward/interior/torture_bed"]
transform = Transform3D(-2.05623e-07, 1, 2.98023e-08, -1, 1.57919e-07, 0, -2.38419e-07, -2.44998e-08, 1, 1, -0.5, 1)
size = Vector3(0.1, 2, 0.1)

[node name="CSGBox3D7" type="CSGBox3D" parent="level/south_ward/interior/torture_bed"]
transform = Transform3D(-2.05623e-07, 1, 2.98023e-08, -1, 1.57919e-07, 0, -2.38419e-07, -2.44998e-08, 1, 1, -0.499996, 9.53674e-07)
size = Vector3(0.1, 2, 0.1)

[node name="CSGBox3D8" type="CSGBox3D" parent="level/south_ward/interior/torture_bed"]
transform = Transform3D(1, 3.55271e-15, -7.10543e-15, 0, 1, 0, 0, 0, 1, 0, 3.8147e-06, 0.999999)
size = Vector3(0.1, 2, 0.1)

[node name="torch" parent="level/south_ward/interior" instance=ExtResource("10_fedt7")]
transform = Transform3D(1, 0, 4.37114e-08, 0, 1, 0, -4.37114e-08, 0, 1, -16.7027, 5.5, 10.0686)

[node name="door3" type="CSGBox3D" parent="level/south_ward"]
transform = Transform3D(1, 0, 0, 0, 1, 0, 0, 0, 1, -17.125, 5.25, -10.625)
operation = 2
size = Vector3(1, 2, 2)

[node name="CSGBox3D" type="CSGBox3D" parent="level/south_ward"]
transform = Transform3D(1, 0, 0, 0, 1, 0, 0, 0, 1, 24.75, 6.25, -8.5)
operation = 2

[node name="SpotLight3D" type="SpotLight3D" parent="level/south_ward/CSGBox3D"]
transform = Transform3D(0.0177246, -0.441431, 0.89712, -0.0108301, 0.897124, 0.441647, -0.999784, -0.0175439, 0.0111205, 0.991047, 0.466684, -0.0537434)
light_color = Color(0.470588, 0.788235, 0.972549, 1)
light_size = 1.0
shadow_enabled = true
spot_range = 20.0
spot_angle = 16.0

[node name="CSGBox3D2" type="CSGBox3D" parent="level/south_ward"]
transform = Transform3D(1, 0, 0, 0, 1, 0, 0, 0, 1, 24.75, 6.25, -4)
operation = 2

[node name="SpotLight3D" type="SpotLight3D" parent="level/south_ward/CSGBox3D2"]
transform = Transform3D(0.0177246, -0.441431, 0.89712, -0.0108301, 0.897124, 0.441647, -0.999784, -0.0175439, 0.0111205, 0.991047, 0.466684, -0.0537434)
light_color = Color(0.470588, 0.788235, 0.972549, 1)
light_size = 1.0
shadow_enabled = true
spot_range = 20.0
spot_angle = 16.0

[node name="CSGBox3D3" type="CSGBox3D" parent="level/south_ward"]
transform = Transform3D(1, 0, 0, 0, 1, 0, 0, 0, 1, 24.75, 6.25, -0.25)
operation = 2

[node name="SpotLight3D" type="SpotLight3D" parent="level/south_ward/CSGBox3D3"]
transform = Transform3D(0.0177246, -0.441431, 0.89712, -0.0108301, 0.897124, 0.441647, -0.999784, -0.0175439, 0.0111205, 0.991047, 0.466684, -0.0537434)
light_color = Color(0.470588, 0.788235, 0.972549, 1)
light_size = 1.0
shadow_enabled = true
spot_range = 20.0
spot_angle = 16.0

