[gd_scene load_steps=11 format=3 uid="uid://cqsrjwav14qip"]

[ext_resource type="PackedScene" uid="uid://bmubqhf331eam" path="res://assets/models/female/female_model.glb" id="1_eothb"]
[ext_resource type="Script" path="res://addons/wigglebone/wiggle_bone.gd" id="2_g8q1a"]
[ext_resource type="Script" path="res://addons/wigglebone/wiggle_properties.gd" id="3_2ilsm"]

[sub_resource type="Resource" id="Resource_ccy5p"]
script = ExtResource("3_2ilsm")
mode = 0
stiffness = 0.1
damping = 0.25
gravity = Vector3(0, 0, 0)
length = 0.2
max_distance = 0.2
max_degrees = 10.0

[sub_resource type="Resource" id="Resource_jrklb"]
script = ExtResource("3_2ilsm")
mode = 0
stiffness = 0.1
damping = 0.25
gravity = Vector3(0, 0, 0)
length = 0.2
max_distance = 0.2
max_degrees = 10.0

[sub_resource type="Resource" id="Resource_jygah"]
script = ExtResource("3_2ilsm")
mode = 0
stiffness = 0.02
damping = 0.05
gravity = Vector3(0, -1, 0)
length = 1.0
max_distance = 0.5
max_degrees = 40.0

[sub_resource type="Resource" id="Resource_eg1b4"]
script = ExtResource("3_2ilsm")
mode = 0
stiffness = 0.02
damping = 0.05
gravity = Vector3(0, -1, 0)
length = 1.0
max_distance = 0.5
max_degrees = 40.0

[sub_resource type="AnimationNodeAnimation" id="AnimationNodeAnimation_vug3y"]
animation = &"idle"

[sub_resource type="AnimationNodeStateMachineTransition" id="AnimationNodeStateMachineTransition_u0k18"]
advance_mode = 2

[sub_resource type="AnimationNodeStateMachine" id="AnimationNodeStateMachine_7ri63"]
states/idle/node = SubResource("AnimationNodeAnimation_vug3y")
states/idle/position = Vector2(571, 100)
transitions = ["Start", "idle", SubResource("AnimationNodeStateMachineTransition_u0k18")]

[node name="female_model" instance=ExtResource("1_eothb")]

[node name="Skeleton3D" parent="Armature" index="0"]
bones/0/rotation = Quaternion(0.0417523, 0.689344, -0.112729, 0.714391)
bones/1/rotation = Quaternion(-0.0741439, -0.693596, 0.0840271, 0.711595)
bones/2/rotation = Quaternion(0.249722, -1.18132e-05, 1.70652e-06, 0.968318)
bones/3/rotation = Quaternion(-0.197056, -1.69726e-12, 4.69825e-08, 0.980392)
bones/18/position = Vector3(0.958509, 2.01819, 0.0218272)
bones/18/rotation = Quaternion(0.0244315, -0.0665156, 0.997486, -0.000524599)
bones/19/rotation = Quaternion(0.0781293, 2.07145e-05, 0.13595, 0.98763)
bones/22/position = Vector3(-0.958481, 2.01821, 0.0218287)
bones/22/rotation = Quaternion(-0.0730253, -0.0352208, 0.996119, 0.0342659)
bones/23/rotation = Quaternion(0.0850104, -2.06774e-05, -0.147924, 0.985339)
bones/26/rotation = Quaternion(0.631131, 0.24112, 0.733997, 0.0691569)
bones/28/rotation = Quaternion(0.710194, 0.134533, 0.691032, -0.000466865)
bones/30/rotation = Quaternion(-0.706976, -0.0618241, -0.0614322, 0.701847)
bones/32/rotation = Quaternion(-0.108045, -0.661131, -0.161024, 0.724778)
bones/34/position = Vector3(1.4949, 0.688665, -2.10723)
bones/35/position = Vector3(1.88927, -1.51131, -0.205762)
bones/35/rotation = Quaternion(-0.0181179, -0.706875, 0.706875, 0.0181179)
bones/39/rotation = Quaternion(-0.00858232, -0.0101178, 0.0445876, 0.998917)
bones/42/rotation = Quaternion(-0.0580892, -0.703083, -0.0837767, 0.703762)
bones/44/rotation = Quaternion(-0.15941, -0.00192571, 0.0328607, 0.986664)
bones/45/rotation = Quaternion(-0.0231758, -0.692748, -0.0981722, 0.714091)
bones/47/rotation = Quaternion(-0.135095, 0.000497618, -0.0242461, 0.990536)
bones/48/rotation = Quaternion(-0.0542875, -0.672899, -0.150893, 0.722144)
bones/49/rotation = Quaternion(-0.263405, -0.00593154, 0.0152415, 0.964547)
bones/50/rotation = Quaternion(-0.149771, -0.000575542, 0.00435859, 0.988711)
bones/51/rotation = Quaternion(-0.706976, 0.0618241, 0.0614322, 0.701847)
bones/53/rotation = Quaternion(-0.108045, 0.661131, 0.161024, 0.724778)
bones/55/position = Vector3(-0.743362, 0.693839, -2.07378)
bones/56/position = Vector3(-1.51681, -1.44217, -0.00280104)
bones/56/rotation = Quaternion(0.017147, -0.706899, 0.706899, -0.017147)
bones/58/rotation = Quaternion(0.271178, -0.313287, 0.216193, 0.884067)
bones/60/rotation = Quaternion(0.0617253, -0.00220717, -0.0804823, 0.994841)
bones/63/rotation = Quaternion(0.0697143, 0.699277, 0.0721612, 0.707774)
bones/66/rotation = Quaternion(0.0960647, 0.691131, 0.0773203, 0.712132)
bones/69/rotation = Quaternion(0.0577617, 0.675127, 0.122216, 0.725211)
bones/70/rotation = Quaternion(-0.345309, 0.00721924, -0.0146755, 0.938347)

[node name="bangs_01" parent="Armature/Skeleton3D" index="0"]
visible = false

[node name="bangs_02" parent="Armature/Skeleton3D" index="1"]
visible = false

[node name="bangs_03" parent="Armature/Skeleton3D" index="2"]
visible = false

[node name="bangs_06" parent="Armature/Skeleton3D" index="3"]
visible = false

[node name="bangs_07" parent="Armature/Skeleton3D" index="4"]
visible = false

[node name="bangs_08" parent="Armature/Skeleton3D" index="5"]
visible = false

[node name="bangs_09" parent="Armature/Skeleton3D" index="6"]
visible = false

[node name="bangs_10" parent="Armature/Skeleton3D" index="7"]
visible = false

[node name="bangs_11" parent="Armature/Skeleton3D" index="8"]
visible = false

[node name="bangs_12" parent="Armature/Skeleton3D" index="9"]
visible = false

[node name="bangs_13" parent="Armature/Skeleton3D" index="10"]
visible = false

[node name="bangs_14" parent="Armature/Skeleton3D" index="11"]
visible = false

[node name="bangs_15" parent="Armature/Skeleton3D" index="12"]
visible = false

[node name="bangs_04" parent="Armature/Skeleton3D" index="13"]
visible = false

[node name="bangs_05" parent="Armature/Skeleton3D" index="14"]
visible = false

[node name="bangs_16" parent="Armature/Skeleton3D" index="15"]
visible = false

[node name="bottom_02" parent="Armature/Skeleton3D" index="17"]
visible = false

[node name="bottom_04" parent="Armature/Skeleton3D" index="18"]
visible = false

[node name="facial_01" parent="Armature/Skeleton3D" index="19"]
visible = false

[node name="facial_02" parent="Armature/Skeleton3D" index="20"]
visible = false

[node name="facial_03" parent="Armature/Skeleton3D" index="21"]
visible = false

[node name="facial_04" parent="Armature/Skeleton3D" index="22"]
visible = false

[node name="facial_05" parent="Armature/Skeleton3D" index="23"]
visible = false

[node name="facial_06" parent="Armature/Skeleton3D" index="24"]
visible = false

[node name="facial_07" parent="Armature/Skeleton3D" index="25"]
visible = false

[node name="facial_08" parent="Armature/Skeleton3D" index="26"]
visible = false

[node name="facial_09" parent="Armature/Skeleton3D" index="27"]
visible = false

[node name="facial_10" parent="Armature/Skeleton3D" index="28"]
visible = false

[node name="facial_11" parent="Armature/Skeleton3D" index="29"]
visible = false

[node name="hair_01" parent="Armature/Skeleton3D" index="30"]
visible = false

[node name="hair_02" parent="Armature/Skeleton3D" index="31"]
visible = false

[node name="hair_03" parent="Armature/Skeleton3D" index="32"]
visible = false

[node name="hair_04" parent="Armature/Skeleton3D" index="33"]
visible = false

[node name="hair_05" parent="Armature/Skeleton3D" index="34"]
visible = false

[node name="hair_06" parent="Armature/Skeleton3D" index="35"]
visible = false

[node name="hair_07" parent="Armature/Skeleton3D" index="36"]
visible = false

[node name="hair_08" parent="Armature/Skeleton3D" index="37"]
visible = false

[node name="hair_09" parent="Armature/Skeleton3D" index="38"]
visible = false

[node name="hair_12" parent="Armature/Skeleton3D" index="39"]
visible = false

[node name="hair_13" parent="Armature/Skeleton3D" index="40"]
visible = false

[node name="hair_14" parent="Armature/Skeleton3D" index="41"]
visible = false

[node name="hair_15" parent="Armature/Skeleton3D" index="42"]
visible = false

[node name="hair_16" parent="Armature/Skeleton3D" index="43"]
visible = false

[node name="hair_17" parent="Armature/Skeleton3D" index="44"]
visible = false

[node name="hair_18" parent="Armature/Skeleton3D" index="45"]
visible = false

[node name="hair_19" parent="Armature/Skeleton3D" index="46"]
visible = false

[node name="hat_0" parent="Armature/Skeleton3D" index="47"]
visible = false

[node name="hat_1" parent="Armature/Skeleton3D" index="48"]
visible = false

[node name="hat_2" parent="Armature/Skeleton3D" index="49"]
visible = false

[node name="hat_3" parent="Armature/Skeleton3D" index="50"]
visible = false

[node name="hat_4" parent="Armature/Skeleton3D" index="51"]
visible = false

[node name="hat_5" parent="Armature/Skeleton3D" index="52"]
visible = false

[node name="mask_1" parent="Armature/Skeleton3D" index="53"]
visible = false

[node name="mask_2" parent="Armature/Skeleton3D" index="54"]
visible = false

[node name="necklace_01" parent="Armature/Skeleton3D" index="55"]
visible = false

[node name="shoes_0" parent="Armature/Skeleton3D" index="56"]
visible = false

[node name="shoes_1" parent="Armature/Skeleton3D" index="57"]
visible = false

[node name="shoulder_guards" parent="Armature/Skeleton3D" index="58"]
visible = false

[node name="top_01" parent="Armature/Skeleton3D" index="59"]
visible = false

[node name="top_02" parent="Armature/Skeleton3D" index="60"]
visible = false

[node name="top_03" parent="Armature/Skeleton3D" index="61"]
visible = false

[node name="top_04" parent="Armature/Skeleton3D" index="62"]
visible = false

[node name="top_05" parent="Armature/Skeleton3D" index="63"]
visible = false

[node name="top_armor" parent="Armature/Skeleton3D" index="64"]
visible = false

[node name="under_bot_1" parent="Armature/Skeleton3D" index="66"]
visible = false

[node name="wiggle_chest_r" type="BoneAttachment3D" parent="Armature/Skeleton3D" index="68"]
transform = Transform3D(0.273065, -0.380953, -0.883351, -0.876472, -0.477015, -0.0652209, -0.396526, 0.792042, -0.464151, 0.345998, 2.40921, -0.304589)
bone_name = "chest_r"
bone_idx = 25
script = ExtResource("2_g8q1a")
properties = SubResource("Resource_ccy5p")

[node name="wiggle_chest_l" type="BoneAttachment3D" parent="Armature/Skeleton3D" index="69"]
transform = Transform3D(0.266127, 0.384586, 0.883894, 0.878578, -0.47403, -0.0582737, 0.396581, 0.792079, -0.464041, 0.345998, 2.40921, -0.304589)
bone_name = "chest_l"
bone_idx = 21
script = ExtResource("2_g8q1a")
properties = SubResource("Resource_jrklb")

[node name="wiggle_hair_long_0" type="BoneAttachment3D" parent="Armature/Skeleton3D" index="70"]
transform = Transform3D(0.999997, 0.00228161, -0.000640417, 0.00235482, -0.987028, 0.16053, -0.000265843, -0.16053, -0.987035, 0.341589, 3.54529, -1.04335)
bone_name = "hair_0"
bone_idx = 4
script = ExtResource("2_g8q1a")
properties = SubResource("Resource_jygah")

[node name="wiggle_hair_long_1" type="BoneAttachment3D" parent="Armature/Skeleton3D" index="71"]
transform = Transform3D(0.999999, 0.00140348, -0.000207206, 0.00139863, -0.999762, -0.0217739, -0.000237714, 0.0217735, -0.999767, 0.344478, 2.29536, -1.24664)
bone_name = "hair_1"
bone_idx = 5
script = ExtResource("2_g8q1a")
properties = SubResource("Resource_jygah")

[node name="wiggle_hair_long_2" type="BoneAttachment3D" parent="Armature/Skeleton3D" index="72"]
transform = Transform3D(0.997456, 0.0348492, 0.0621846, 0.0411022, -0.993905, -0.10229, 0.0582406, 0.104585, -0.992813, 0.3463, 0.998043, -1.21838)
bone_name = "hair_2"
bone_idx = 6
script = ExtResource("2_g8q1a")
properties = SubResource("Resource_jygah")

[node name="wiggle_hair_med_1_l" type="BoneAttachment3D" parent="Armature/Skeleton3D" index="73"]
transform = Transform3D(-0.999885, 0.0217349, -0.000228151, -0.021733, -0.999685, -0.012572, -0.000501392, -0.0125641, 0.999921, 0.874414, 4.43107, 0.350209)
bone_name = "hair_med_1_l"
bone_idx = 7
script = ExtResource("2_g8q1a")
properties = SubResource("Resource_eg1b4")

[node name="wiggle_hair_med_2_l" type="BoneAttachment3D" parent="Armature/Skeleton3D" index="74"]
transform = Transform3D(-0.999885, 0.021735, -0.00022807, -0.021733, -0.999685, -0.0125748, -0.000501372, -0.0125669, 0.999921, 0.868838, 4.4489, -0.525096)
bone_name = "hair_med_2_l"
bone_idx = 8
script = ExtResource("2_g8q1a")
properties = SubResource("Resource_eg1b4")

[node name="wiggle_hair_med_1_r" type="BoneAttachment3D" parent="Armature/Skeleton3D" index="75"]
transform = Transform3D(-0.999976, -0.0170662, 0.000179196, 0.0170646, -0.999776, -0.0125703, 0.000393731, -0.0125654, 0.999921, -0.198406, 4.42685, 0.350123)
bone_name = "hair_med_1_r"
bone_idx = 9
script = ExtResource("2_g8q1a")
properties = SubResource("Resource_eg1b4")

[node name="wiggle_hair_med_2_r" type="BoneAttachment3D" parent="Armature/Skeleton3D" index="76"]
transform = Transform3D(-0.999976, -0.0170661, 0.000179131, 0.0170645, -0.999776, -0.0125731, 0.000393712, -0.0125682, 0.999921, -0.19283, 4.44473, -0.525182)
bone_name = "hair_med_2_r"
bone_idx = 10
script = ExtResource("2_g8q1a")
properties = SubResource("Resource_eg1b4")

[node name="wiggle_sleeve_l" type="BoneAttachment3D" parent="Armature/Skeleton3D" index="77"]
transform = Transform3D(-0.684349, -0.728832, -0.0216609, 0.725265, -0.683462, 0.082883, -0.0752123, 0.041011, 0.996324, 2.34896, -1.40506, -0.22911)
bone_name = "sleeve_l"
bone_idx = 20
script = ExtResource("2_g8q1a")
properties = SubResource("Resource_eg1b4")

[node name="wiggle_sleeve_r" type="BoneAttachment3D" parent="Armature/Skeleton3D" index="78"]
transform = Transform3D(-0.727847, 0.684919, -0.0335251, -0.682199, -0.718262, 0.13676, 0.0695897, 0.122411, 0.990037, -1.96053, -1.30116, -0.0805585)
bone_name = "sleeve_r"
bone_idx = 24
script = ExtResource("2_g8q1a")
properties = SubResource("Resource_eg1b4")

[node name="AnimationTree" type="AnimationTree" parent="." index="2"]
tree_root = SubResource("AnimationNodeStateMachine_7ri63")
anim_player = NodePath("../AnimationPlayer")
active = true
