[gd_scene load_steps=5 format=3 uid="uid://bd0iypg5xkjo5"]

[ext_resource type="Script" path="res://scripts/interactive/Door.gd" id="1_qjqo2"]
[ext_resource type="Material" uid="uid://cpw0gk8ua7o7e" path="res://assets/materials/wood_portico.tres" id="2_n8lur"]

[sub_resource type="BoxShape3D" id="BoxShape3D_j6xx2"]
size = Vector3(1.1, 2.1, 0.2)

[sub_resource type="BoxShape3D" id="BoxShape3D_lblg5"]
size = Vector3(1, 2, 0.1)

[node name="prison_wood_door" type="Area3D"]
transform = Transform3D(1, 0, 0, 0, 1, 0, 0, 0, 1, -0.5, 1, 0)
collision_layer = 4
collision_mask = 4
script = ExtResource("1_qjqo2")
open_rotation_offset = Vector3(0, 90, 0)

[node name="interactive_shape" type="CollisionShape3D" parent="."]
transform = Transform3D(1, 0, 0, 0, 1, 0, 0, 0, 1, 0.5, 0, 0)
shape = SubResource("BoxShape3D_j6xx2")

[node name="StaticBody3D" type="StaticBody3D" parent="."]

[node name="CollisionShape3D" type="CollisionShape3D" parent="StaticBody3D"]
transform = Transform3D(1, 0, 0, 0, 1, 0, 0, 0, 1, 0.5, 0, 0)
shape = SubResource("BoxShape3D_lblg5")

[node name="CSGBox3D" type="CSGBox3D" parent="."]
transform = Transform3D(1, 0, 0, 0, 1, 0, 0, 0, 1, 0.5, 0, 0)
material_override = ExtResource("2_n8lur")
size = Vector3(1, 2, 0.1)

[node name="CSGBox3D" type="CSGBox3D" parent="CSGBox3D"]
transform = Transform3D(-4.37114e-08, 0, 1, 0, 1, 0, -1, 0, -4.37114e-08, 0, 0.5, 0)
operation = 2
size = Vector3(0.1, 0.25, 0.5)

[node name="CSGBox3D2" type="CSGBox3D" parent="CSGBox3D"]
transform = Transform3D(0.707107, 0, 0.707107, 0, 1, 0, -0.707107, 0, 0.707107, 0, 0.5, 0)
size = Vector3(0.05, 0.25, 0.05)

[node name="CSGBox3D3" type="CSGBox3D" parent="CSGBox3D"]
transform = Transform3D(0.707107, 0, 0.707107, 0, 1, 0, -0.707107, 0, 0.707107, 0.139999, 0.5, 0)
size = Vector3(0.05, 0.25, 0.05)

[node name="CSGBox3D4" type="CSGBox3D" parent="CSGBox3D"]
transform = Transform3D(0.707107, 0, 0.707107, 0, 1, 0, -0.707107, 0, 0.707107, -0.139999, 0.5, 0)
size = Vector3(0.05, 0.25, 0.05)

[node name="NavigationLink3D" type="NavigationLink3D" parent="."]
transform = Transform3D(1, 0, 0, 0, 1, 0, 0, 0, 1, 0.5, -0.75, 0)
start_position = Vector3(0, 0, -1)
end_position = Vector3(0, 0, 1)
