[gd_scene load_steps=3 format=3 uid="uid://cfsavmot5pt3i"]

[ext_resource type="Script" path="res://scripts/procedural/rotating.gd" id="1_stpya"]
[ext_resource type="Material" uid="uid://cpw0gk8ua7o7e" path="res://assets/materials/wood_portico.tres" id="2_1ha60"]

[node name="water_mill" type="Node3D"]
transform = Transform3D(1, 0, 0, 0, 1, 0, 0, 0, 1, 0, 0.876752, -9.57224)
script = ExtResource("1_stpya")
axis = 2
rotation_range = Vector2(360, 0)
speed = -10.0

[node name="water_mill" type="CSGCylinder3D" parent="."]
transform = Transform3D(1, -1.19209e-07, -1.19209e-07, 1.19209e-07, -4.37114e-08, 1, -1.19209e-07, -1, -4.37114e-08, 0, 0, 0)
use_collision = true
radius = 4.0
height = 1.5
material = ExtResource("2_1ha60")

[node name="CSGCylinder3D2" type="CSGCylinder3D" parent="water_mill"]
transform = Transform3D(1, 0, 0, 0, 1, 6.21173e-22, 0, 6.21173e-22, 1, 0, 0, 0)
operation = 2
radius = 3.75
material = ExtResource("2_1ha60")

[node name="CSGCylinder3D" type="CSGCylinder3D" parent="water_mill"]
transform = Transform3D(1, 0, 0, 0, 1, 6.21173e-22, 0, 6.21173e-22, 1, 0, 0, 0)
radius = 1.0
height = 1.5
material = ExtResource("2_1ha60")

[node name="Node3D" type="Node3D" parent="water_mill"]

[node name="CSGBox3D" type="CSGBox3D" parent="water_mill/Node3D"]
transform = Transform3D(1, 0, 0, 0, 1, 6.21173e-22, 0, 6.21173e-22, 1, 0, 0, 0)
use_collision = true
size = Vector3(0.2, 1.5, 10)
material = ExtResource("2_1ha60")

[node name="CSGBox3D2" type="CSGBox3D" parent="water_mill/Node3D"]
transform = Transform3D(-4.37114e-08, 0, -1, -1.65808e-15, 1, 0, 1, 6.21173e-22, -4.37114e-08, 0, 0, 0)
use_collision = true
size = Vector3(0.2, 1.5, 10)
material = ExtResource("2_1ha60")

[node name="CSGBox3D9" type="CSGBox3D" parent="water_mill/Node3D"]
transform = Transform3D(0.965926, -1.53753e-08, 0.258819, 7.25139e-09, 1, 3.2343e-08, -0.258819, -2.93641e-08, 0.965926, 0, 0, 0)
use_collision = true
size = Vector3(0.2, 1.5, 10)
material = ExtResource("2_1ha60")

[node name="CSGBox3D10" type="CSGBox3D" parent="water_mill/Node3D"]
transform = Transform3D(0.258819, -1.53753e-08, -0.965926, 3.2343e-08, 1, -7.25139e-09, 0.965926, -2.93641e-08, 0.258819, 0, 0, 0)
use_collision = true
size = Vector3(0.2, 1.5, 10)
material = ExtResource("2_1ha60")

[node name="CSGBox3D11" type="CSGBox3D" parent="water_mill/Node3D"]
transform = Transform3D(0.866025, -3.78267e-08, 0.5, 5.88471e-09, 1, 6.54607e-08, -0.5, -5.37483e-08, 0.866025, 0, 0, 0)
use_collision = true
size = Vector3(0.2, 1.5, 10)
material = ExtResource("2_1ha60")

[node name="CSGBox3D12" type="CSGBox3D" parent="water_mill/Node3D"]
transform = Transform3D(0.5, -3.78267e-08, -0.866026, 6.54607e-08, 1, -5.88472e-09, 0.866026, -5.37483e-08, 0.5, 0, 0, 0)
use_collision = true
size = Vector3(0.2, 1.5, 10)
material = ExtResource("2_1ha60")

[node name="CSGBox3D3" type="CSGBox3D" parent="water_mill/Node3D"]
transform = Transform3D(0.707107, -6.58241e-08, 0.707107, -4.00689e-09, 1, 9.70963e-08, -0.707107, -7.14907e-08, 0.707107, 0, 0, 0)
use_collision = true
size = Vector3(0.2, 1.5, 10)
material = ExtResource("2_1ha60")

[node name="CSGBox3D4" type="CSGBox3D" parent="water_mill/Node3D"]
transform = Transform3D(0.707107, -6.58241e-08, -0.707107, 9.70963e-08, 1, 4.00689e-09, 0.707107, -7.14907e-08, 0.707107, 0, 0, 0)
use_collision = true
size = Vector3(0.2, 1.5, 10)
material = ExtResource("2_1ha60")

[node name="CSGBox3D5" type="CSGBox3D" parent="water_mill/Node3D"]
transform = Transform3D(0.5, -9.74597e-08, 0.866025, -2.17493e-08, 1, 1.25094e-07, -0.866025, -8.13823e-08, 0.5, 0, 0, 0)
use_collision = true
size = Vector3(0.2, 1.5, 10)
material = ExtResource("2_1ha60")

[node name="CSGBox3D6" type="CSGBox3D" parent="water_mill/Node3D"]
transform = Transform3D(0.866025, -9.74597e-08, -0.5, 1.25094e-07, 1, 2.17493e-08, 0.5, -8.13823e-08, 0.866025, 0, 0, 0)
use_collision = true
size = Vector3(0.2, 1.5, 10)
material = ExtResource("2_1ha60")

[node name="CSGBox3D7" type="CSGBox3D" parent="water_mill/Node3D"]
transform = Transform3D(0.258819, -1.30577e-07, 0.965926, -4.61335e-08, 1, 1.47545e-07, -0.965926, -8.2749e-08, 0.258819, 0, 0, 0)
use_collision = true
size = Vector3(0.2, 1.5, 10)
material = ExtResource("2_1ha60")

[node name="CSGBox3D8" type="CSGBox3D" parent="water_mill/Node3D"]
transform = Transform3D(0.965926, -1.30577e-07, -0.258819, 1.47545e-07, 1, 4.61335e-08, 0.258819, -8.2749e-08, 0.965926, 0, 0, 0)
use_collision = true
size = Vector3(0.2, 1.5, 10)
material = ExtResource("2_1ha60")
