[gd_scene load_steps=2 format=3 uid="uid://b26clicbqq73w"]

[ext_resource type="Script" path="res://scripts/procedural/rotating.gd" id="1_kduqy"]

[node name="WindMill1" type="Node3D"]

[node name="CSGCylinder3D" type="CSGCylinder3D" parent="."]
transform = Transform3D(1.91069e-15, 4.37114e-08, 1, 1, -4.37114e-08, 0, 4.37114e-08, 1, -4.37114e-08, 0, 0, 0)
radius = 0.1
script = ExtResource("1_kduqy")
rotation_range = Vector2(360, 0)
speed = 20.0

[node name="CSGPolygon3D" type="CSGPolygon3D" parent="CSGCylinder3D"]
transform = Transform3D(-5.35353e-08, 0.965926, 0.258819, -1.28028e-08, 0.258819, -0.965926, -1, -5.50247e-08, -1.48943e-09, 0, -1, 4.37114e-08)
polygon = PackedVector2Array(0, -0.125, 0, 0.125, 8, 2, 8, -2)
depth = 0.25

[node name="CSGPolygon3D2" type="CSGPolygon3D" parent="CSGCylinder3D"]
transform = Transform3D(-4.37114e-08, -0.965926, -0.258819, 8.74228e-08, 0.258819, -0.965926, 1, -6.48486e-08, 7.31306e-08, 0, -1, 4.37114e-08)
polygon = PackedVector2Array(0, -0.125, 0, 0.125, 8, 2, 8, -2)
depth = 0.25

[node name="CSGPolygon3D3" type="CSGPolygon3D" parent="CSGCylinder3D"]
transform = Transform3D(1, -1.13133e-08, 4.2222e-08, 4.37114e-08, 0.258819, -0.965926, -5.27724e-15, 0.965926, 0.258819, 0, -1, 4.37114e-08)
polygon = PackedVector2Array(0, -0.125, 0, 0.125, 8, 2, 8, -2)
depth = 0.25

[node name="CSGPolygon3D4" type="CSGPolygon3D" parent="CSGCylinder3D"]
transform = Transform3D(-1, 9.57573e-08, -1.95953e-08, 4.37114e-08, 0.258819, -0.965926, -8.74228e-08, -0.965926, -0.258819, 0, -1, 4.37114e-08)
polygon = PackedVector2Array(0, -0.125, 0, 0.125, 8, 2, 8, -2)
depth = 0.25

[node name="CSGPolygon3D5" type="CSGPolygon3D" parent="CSGCylinder3D"]
transform = Transform3D(0.707107, -0.683013, -0.183013, 7.45058e-08, 0.258819, -0.965926, 0.707107, 0.683013, 0.183013, 0, -1, 4.37114e-08)
polygon = PackedVector2Array(0, -0.125, 0, 0.125, 8, 2, 8, -2)
depth = 0.25

[node name="CSGPolygon3D6" type="CSGPolygon3D" parent="CSGCylinder3D"]
transform = Transform3D(-0.707107, 0.683013, 0.183013, 1.49012e-08, 0.258819, -0.965926, -0.707107, -0.683013, -0.183013, 0, -1, 4.37114e-08)
polygon = PackedVector2Array(0, -0.125, 0, 0.125, 8, 2, 8, -2)
depth = 0.25

[node name="CSGPolygon3D7" type="CSGPolygon3D" parent="CSGCylinder3D"]
transform = Transform3D(0.707107, 0.683013, 0.183013, 1.49012e-08, 0.258819, -0.965926, -0.707107, 0.683013, 0.183013, 0, -1, 4.37114e-08)
polygon = PackedVector2Array(0, -0.125, 0, 0.125, 8, 2, 8, -2)
depth = 0.25

[node name="CSGPolygon3D8" type="CSGPolygon3D" parent="CSGCylinder3D"]
transform = Transform3D(-0.707107, -0.683013, -0.183013, 7.45058e-08, 0.258819, -0.965926, 0.707107, -0.683013, -0.183013, 0, -1, 4.37114e-08)
polygon = PackedVector2Array(0, -0.125, 0, 0.125, 8, 2, 8, -2)
depth = 0.25
