[gd_scene load_steps=6 format=3 uid="uid://becr1nnloeajl"]

[ext_resource type="Script" path="res://scripts/interactive/Door.gd" id="1_bkvg2"]
[ext_resource type="Material" uid="uid://bxwlp000cigp8" path="res://assets/materials/iron_bar.tres" id="5_rwavf"]

[sub_resource type="BoxShape3D" id="BoxShape3D_jb2tt"]
size = Vector3(0.05, 2, 0.05)

[sub_resource type="BoxShape3D" id="BoxShape3D_rf458"]
size = Vector3(0.075, 2, 0.075)

[sub_resource type="BoxShape3D" id="BoxShape3D_omwdx"]
size = Vector3(1, 2, 0.2)

[node name="bar_door" type="Area3D"]
transform = Transform3D(1, 0, -1.06581e-14, 0, 1, 0, 1.06581e-14, 0, 1, 0, 1, 0)
collision_layer = 4
collision_mask = 4
script = ExtResource("1_bkvg2")
open_rotation_offset = Vector3(0, 90, 0)

[node name="StaticBody3D" type="StaticBody3D" parent="."]
transform = Transform3D(-1, 0, -8.74228e-08, 0, 1, 0, 8.74228e-08, 0, -1, 0.454498, 0, 0.0455023)
collision_layer = 1024
collision_mask = 1024

[node name="CollisionShape3D" type="CollisionShape3D" parent="StaticBody3D"]
shape = SubResource("BoxShape3D_jb2tt")

[node name="CollisionShape3D2" type="CollisionShape3D" parent="StaticBody3D"]
transform = Transform3D(1, 0, 0, 0, 1, 0, 0, 0, 1, 0.226372, 0, -2.06559e-09)
shape = SubResource("BoxShape3D_jb2tt")

[node name="CollisionShape3D3" type="CollisionShape3D" parent="StaticBody3D"]
transform = Transform3D(1, 0, 0, 0, 1, 0, 0, 0, 1, -0.223889, 0, 2.28266e-09)
shape = SubResource("BoxShape3D_jb2tt")

[node name="CollisionShape3D4" type="CollisionShape3D" parent="StaticBody3D"]
transform = Transform3D(1, 0, 0, 0, 1, 0, 0, 0, 1, -0.421471, 0, -1.49905e-08)
shape = SubResource("BoxShape3D_rf458")

[node name="CollisionShape3D5" type="CollisionShape3D" parent="StaticBody3D"]
transform = Transform3D(1, 0, 0, 0, 1, 0, 0, 0, 1, 0.441985, 0, 6.04953e-08)
shape = SubResource("BoxShape3D_rf458")

[node name="interactive_shape" type="CollisionShape3D" parent="."]
transform = Transform3D(1, 0, 0, 0, 1, 0, 0, 0, 1, 0.5, 0, -5.32905e-15)
shape = SubResource("BoxShape3D_omwdx")

[node name="bar8" type="CSGBox3D" parent="."]
transform = Transform3D(0.707107, 0, -0.707107, 0, 1, 0, 0.707107, 0, 0.707107, 0.00449768, 0, 0.0455023)
material_override = ExtResource("5_rwavf")
size = Vector3(0.075, 2, 0.075)

[node name="bar14" type="CSGBox3D" parent="."]
transform = Transform3D(0.707107, 0, -0.707107, 0, 1, 0, 0.707107, 0, 0.707107, 0.904498, 0, 0.0455022)
material_override = ExtResource("5_rwavf")
size = Vector3(0.075, 2, 0.075)

[node name="bar9" type="CSGBox3D" parent="."]
transform = Transform3D(0.707107, 0, -0.707107, 0, 1, 0, 0.707107, 0, 0.707107, 0.229498, 0, 0.0455023)
material_override = ExtResource("5_rwavf")
size = Vector3(0.05, 2, 0.05)

[node name="bar10" type="CSGBox3D" parent="."]
transform = Transform3D(0.707107, 0, -0.707107, 0, 1, 0, 0.707107, 0, 0.707107, 0.454498, 0, 0.0455023)
material_override = ExtResource("5_rwavf")
size = Vector3(0.05, 2, 0.05)

[node name="bar15" type="CSGBox3D" parent="."]
transform = Transform3D(0.707107, 0, -0.707107, 0, 1, 0, 0.707107, 0, 0.707107, 0.679128, 0, 0.0455023)
material_override = ExtResource("5_rwavf")
size = Vector3(0.05, 2, 0.05)

[node name="bar12" type="CSGBox3D" parent="."]
transform = Transform3D(-3.09086e-08, -1, 3.09086e-08, 0.707107, -4.37114e-08, -0.707107, 0.707107, -1.06581e-14, 0.707107, 0.454498, -1, 0.0455023)
material_override = ExtResource("5_rwavf")
size = Vector3(0.05, 1, 0.05)

[node name="bar13" type="CSGBox3D" parent="."]
transform = Transform3D(-3.09086e-08, -1, 3.09086e-08, 0.707107, -4.37114e-08, -0.707107, 0.707107, -1.06581e-14, 0.707107, 0.454498, 1, 0.0455023)
material_override = ExtResource("5_rwavf")
size = Vector3(0.05, 1, 0.05)
