[gd_scene load_steps=7 format=3 uid="uid://bjhhsnlanod80"]

[ext_resource type="Script" path="res://scripts/interactive/Door.gd" id="1_bid7f"]
[ext_resource type="Material" uid="uid://bxwlp000cigp8" path="res://assets/materials/iron_bar.tres" id="2_jehwq"]

[sub_resource type="BoxShape3D" id="BoxShape3D_jb2tt"]
size = Vector3(0.05, 1.75, 0.05)

[sub_resource type="BoxShape3D" id="BoxShape3D_escbo"]
size = Vector3(0.05, 1, 0.05)

[sub_resource type="BoxShape3D" id="BoxShape3D_rf458"]
size = Vector3(0.05, 1.75, 0.05)

[sub_resource type="BoxShape3D" id="BoxShape3D_omwdx"]
size = Vector3(1, 2, 0.2)

[node name="bar_portcullis" type="Area3D"]
transform = Transform3D(1, 0, -1.06581e-14, 0, 1, 0, 1.06581e-14, 0, 1, 0, 1, 0)
collision_layer = 4
collision_mask = 4
script = ExtResource("1_bid7f")
open_position_offset = Vector3(0, 1.75, 0)

[node name="StaticBody3D" type="StaticBody3D" parent="."]
transform = Transform3D(-1, 0, -8.74228e-08, 0, 1, 0, 8.74228e-08, 0, -1, 0.454498, 0, 0.0455023)
collision_layer = 1024
collision_mask = 1024

[node name="CollisionShape3D" type="CollisionShape3D" parent="StaticBody3D"]
transform = Transform3D(1, 0, 0, 0, 1, 0, 0, 0, 1, 0, 0.125, 0)
shape = SubResource("BoxShape3D_jb2tt")

[node name="CollisionShape3D6" type="CollisionShape3D" parent="StaticBody3D"]
transform = Transform3D(-4.37114e-08, 1, -8.74228e-08, -1, -4.37114e-08, -8.74228e-08, -8.74228e-08, 8.74228e-08, 1, 0, 0, 0)
shape = SubResource("BoxShape3D_escbo")

[node name="CollisionShape3D7" type="CollisionShape3D" parent="StaticBody3D"]
transform = Transform3D(-4.37114e-08, 1, -8.74228e-08, -1, -4.37114e-08, -8.74228e-08, -8.74228e-08, 8.74228e-08, 1, 0, -0.25, 0)
shape = SubResource("BoxShape3D_escbo")

[node name="CollisionShape3D8" type="CollisionShape3D" parent="StaticBody3D"]
transform = Transform3D(-4.37114e-08, 1, -8.74228e-08, -1, -4.37114e-08, -8.74228e-08, -8.74228e-08, 8.74228e-08, 1, 0, -0.5, 0)
shape = SubResource("BoxShape3D_escbo")

[node name="CollisionShape3D9" type="CollisionShape3D" parent="StaticBody3D"]
transform = Transform3D(-4.37114e-08, 1, -8.74228e-08, -1, -4.37114e-08, -8.74228e-08, -8.74228e-08, 8.74228e-08, 1, 0, -0.75, 0)
shape = SubResource("BoxShape3D_escbo")

[node name="CollisionShape3D10" type="CollisionShape3D" parent="StaticBody3D"]
transform = Transform3D(-4.37114e-08, 1, -8.74228e-08, -1, -4.37114e-08, -8.74228e-08, -8.74228e-08, 8.74228e-08, 1, 0, 0.25, 0)
shape = SubResource("BoxShape3D_escbo")

[node name="CollisionShape3D11" type="CollisionShape3D" parent="StaticBody3D"]
transform = Transform3D(-4.37114e-08, 1, -8.74228e-08, -1, -4.37114e-08, -8.74228e-08, -8.74228e-08, 8.74228e-08, 1, 0, 0.5, 0)
shape = SubResource("BoxShape3D_escbo")

[node name="CollisionShape3D12" type="CollisionShape3D" parent="StaticBody3D"]
transform = Transform3D(-4.37114e-08, 1, -8.74228e-08, -1, -4.37114e-08, -8.74228e-08, -8.74228e-08, 8.74228e-08, 1, 0, 0.75, 0)
shape = SubResource("BoxShape3D_escbo")

[node name="CollisionShape3D2" type="CollisionShape3D" parent="StaticBody3D"]
transform = Transform3D(1, 0, 0, 0, 1, 0, 0, 0, 1, 0.226372, 0.125, 1.86265e-08)
shape = SubResource("BoxShape3D_jb2tt")

[node name="CollisionShape3D3" type="CollisionShape3D" parent="StaticBody3D"]
transform = Transform3D(1, 0, 0, 0, 1, 0, 0, 0, 1, -0.224, 0.125, 0)
shape = SubResource("BoxShape3D_jb2tt")

[node name="CollisionShape3D4" type="CollisionShape3D" parent="StaticBody3D"]
transform = Transform3D(1, 0, 0, 0, 1, 0, 0, 0, 1, -0.45, 0.125, 0)
shape = SubResource("BoxShape3D_rf458")

[node name="CollisionShape3D5" type="CollisionShape3D" parent="StaticBody3D"]
transform = Transform3D(1, 0, 0, 0, 1, 0, 0, 0, 1, 0.448428, 0.125, 6.33299e-08)
shape = SubResource("BoxShape3D_rf458")

[node name="interactive_shape" type="CollisionShape3D" parent="."]
transform = Transform3D(1, 0, 0, 0, 1, 0, 0, 0, 1, 0.5, 0, -5.32905e-15)
shape = SubResource("BoxShape3D_omwdx")

[node name="bar8" type="CSGBox3D" parent="."]
transform = Transform3D(0.707107, 0, -0.707107, 0, 1, 0, 0.707107, 0, 0.707107, 0.00449768, 0.125, 0.0455023)
material_override = ExtResource("2_jehwq")
size = Vector3(0.05, 1.75, 0.05)

[node name="CSGCylinder3D" type="CSGCylinder3D" parent="bar8"]
transform = Transform3D(-0.258819, 7.57103e-08, -0.965926, -6.18172e-08, -1, -6.18172e-08, -0.965926, 4.37114e-08, 0.258819, 0, -1, 0)
radius = 0.025
height = 0.25
cone = true

[node name="bar14" type="CSGBox3D" parent="."]
transform = Transform3D(0.707107, 0, -0.707107, 0, 1, 0, 0.707107, 0, 0.707107, 0.904498, 0.125, 0.0455022)
material_override = ExtResource("2_jehwq")
size = Vector3(0.05, 1.75, 0.05)

[node name="CSGCylinder3D" type="CSGCylinder3D" parent="bar14"]
transform = Transform3D(-0.258819, 7.57103e-08, -0.965926, -6.18172e-08, -1, -6.18172e-08, -0.965926, 4.37114e-08, 0.258819, 0, -1, 0)
radius = 0.025
height = 0.25
cone = true

[node name="bar9" type="CSGBox3D" parent="."]
transform = Transform3D(0.707107, 0, -0.707107, 0, 1, 0, 0.707107, 0, 0.707107, 0.229498, 0.125, 0.0455023)
material_override = ExtResource("2_jehwq")
size = Vector3(0.05, 1.75, 0.05)

[node name="CSGCylinder3D" type="CSGCylinder3D" parent="bar9"]
transform = Transform3D(-0.258819, 7.57103e-08, -0.965926, -6.18172e-08, -1, -6.18172e-08, -0.965926, 4.37114e-08, 0.258819, 0, -1, 0)
radius = 0.025
height = 0.25
cone = true

[node name="bar10" type="CSGBox3D" parent="."]
transform = Transform3D(0.707107, 0, -0.707107, 0, 1, 0, 0.707107, 0, 0.707107, 0.454498, 0.125, 0.0455023)
material_override = ExtResource("2_jehwq")
size = Vector3(0.05, 1.75, 0.05)

[node name="CSGCylinder3D" type="CSGCylinder3D" parent="bar10"]
transform = Transform3D(-0.258819, 7.57103e-08, -0.965926, -6.18172e-08, -1, -6.18172e-08, -0.965926, 4.37114e-08, 0.258819, 0, -1, 0)
radius = 0.025
height = 0.25
cone = true

[node name="bar15" type="CSGBox3D" parent="."]
transform = Transform3D(0.707107, 0, -0.707107, 0, 1, 0, 0.707107, 0, 0.707107, 0.679128, 0.125, 0.0455023)
material_override = ExtResource("2_jehwq")
size = Vector3(0.05, 1.75, 0.05)

[node name="CSGCylinder3D" type="CSGCylinder3D" parent="bar15"]
transform = Transform3D(-0.258819, 7.57103e-08, -0.965926, -6.18172e-08, -1, -6.18172e-08, -0.965926, 4.37114e-08, 0.258819, 0, -1, 0)
radius = 0.025
height = 0.25
cone = true

[node name="bar13" type="CSGBox3D" parent="."]
transform = Transform3D(-3.09086e-08, -1, 3.09086e-08, 0.707107, -4.37114e-08, -0.707107, 0.707107, -1.06581e-14, 0.707107, 0.454498, 1, 0.0455023)
material_override = ExtResource("2_jehwq")
size = Vector3(0.05, 1, 0.05)

[node name="bar16" type="CSGBox3D" parent="."]
transform = Transform3D(-3.09086e-08, -1, 3.09086e-08, 0.707107, -4.37114e-08, -0.707107, 0.707107, -1.06581e-14, 0.707107, 0.454498, 0.75, 0.0455023)
material_override = ExtResource("2_jehwq")
size = Vector3(0.05, 1, 0.05)

[node name="bar17" type="CSGBox3D" parent="."]
transform = Transform3D(-3.09086e-08, -1, 3.09086e-08, 0.707107, -4.37114e-08, -0.707107, 0.707107, -1.06581e-14, 0.707107, 0.454498, 0.5, 0.0455023)
material_override = ExtResource("2_jehwq")
size = Vector3(0.05, 1, 0.05)

[node name="bar18" type="CSGBox3D" parent="."]
transform = Transform3D(-3.09086e-08, -1, 3.09086e-08, 0.707107, -4.37114e-08, -0.707107, 0.707107, -1.06581e-14, 0.707107, 0.454498, 0.25, 0.0455023)
material_override = ExtResource("2_jehwq")
size = Vector3(0.05, 1, 0.05)

[node name="bar19" type="CSGBox3D" parent="."]
transform = Transform3D(-3.09086e-08, -1, 3.09086e-08, 0.707107, -4.37114e-08, -0.707107, 0.707107, -1.06581e-14, 0.707107, 0.454498, 0, 0.0455023)
material_override = ExtResource("2_jehwq")
size = Vector3(0.05, 1, 0.05)

[node name="bar20" type="CSGBox3D" parent="."]
transform = Transform3D(-3.09086e-08, -1, 3.09086e-08, 0.707107, -4.37114e-08, -0.707107, 0.707107, -1.06581e-14, 0.707107, 0.454498, -0.25, 0.0455023)
material_override = ExtResource("2_jehwq")
size = Vector3(0.05, 1, 0.05)

[node name="bar21" type="CSGBox3D" parent="."]
transform = Transform3D(-3.09086e-08, -1, 3.09086e-08, 0.707107, -4.37114e-08, -0.707107, 0.707107, -1.06581e-14, 0.707107, 0.454498, -0.5, 0.0455023)
material_override = ExtResource("2_jehwq")
size = Vector3(0.05, 1, 0.05)

[node name="bar22" type="CSGBox3D" parent="."]
transform = Transform3D(-3.09086e-08, -1, 3.09086e-08, 0.707107, -4.37114e-08, -0.707107, 0.707107, -1.06581e-14, 0.707107, 0.454498, -0.75, 0.0455023)
material_override = ExtResource("2_jehwq")
size = Vector3(0.05, 1, 0.05)
