[gd_scene load_steps=9 format=3 uid="uid://c8lpxncjkcjqb"]

[ext_resource type="PackedScene" uid="uid://bc2ieqwfpwab5" path="res://assets/models/male/male_model.glb" id="1_cthuh"]
[ext_resource type="Script" path="res://addons/wigglebone/wiggle_bone.gd" id="2_482ea"]
[ext_resource type="Script" path="res://addons/wigglebone/wiggle_properties.gd" id="3_046cy"]

[sub_resource type="Resource" id="Resource_alcap"]
script = ExtResource("3_046cy")
mode = 0
stiffness = 0.02
damping = 0.05
gravity = Vector3(0, -1, 0)
length = 1.0
max_distance = 0.5
max_degrees = 40.0

[sub_resource type="Resource" id="Resource_aafn1"]
script = ExtResource("3_046cy")
mode = 0
stiffness = 0.02
damping = 0.05
gravity = Vector3(0, -1, 0)
length = 1.0
max_distance = 0.5
max_degrees = 40.0

[sub_resource type="AnimationNodeAnimation" id="AnimationNodeAnimation_fb2tc"]
animation = &"idle"

[sub_resource type="AnimationNodeStateMachineTransition" id="AnimationNodeStateMachineTransition_kbqcn"]
advance_mode = 2

[sub_resource type="AnimationNodeStateMachine" id="AnimationNodeStateMachine_pc8ap"]
states/idle/node = SubResource("AnimationNodeAnimation_fb2tc")
states/idle/position = Vector2(548, 100)
transitions = ["Start", "idle", SubResource("AnimationNodeStateMachineTransition_kbqcn")]

[node name="male_model" instance=ExtResource("1_cthuh")]

[node name="Skeleton3D" parent="Armature" index="0"]
bones/0/position = Vector3(0, -0.133508, 0)
bones/1/rotation = Quaternion(-0.0322696, -0.754696, -0.0267563, 0.654734)
bones/2/rotation = Quaternion(0.226682, 0.0840504, -0.0240614, 0.970037)
bones/3/rotation = Quaternion(-0.133879, 3.91635e-09, 4.73201e-08, 0.990998)
bones/20/position = Vector3(0.183242, 0.375312, -0.000617637)
bones/20/rotation = Quaternion(-0.0494869, 0.133243, -0.978444, 0.149819)
bones/21/rotation = Quaternion(0.264553, 0.00379361, 0.0298174, 0.963903)
bones/23/position = Vector3(-0.181452, 0.37569, -0.00910125)
bones/23/rotation = Quaternion(0.0226348, -0.095244, 0.986218, 0.13338)
bones/24/rotation = Quaternion(0.298393, -0.00356779, -0.0352518, 0.953785)
bones/26/rotation = Quaternion(0.706537, 0.0785974, 0.700012, -0.0679062)
bones/27/rotation = Quaternion(0.00287584, -0.00790155, 0.000639373, 0.999964)
bones/28/rotation = Quaternion(0.579395, -0.203671, 0.773863, 0.154776)
bones/28/scale = Vector3(0.999951, 0.999996, 0.999959)
bones/29/rotation = Quaternion(0.39453, 0.00273535, -0.0125731, 0.918793)
bones/31/position = Vector3(0.110148, -1.05685, -0.189381)
bones/31/rotation = Quaternion(-0.658409, 2.21619e-05, -1.93866e-05, 0.75266)
bones/32/position = Vector3(-4.57011e-05, -0.000298547, 0.0037836)
bones/32/rotation = Quaternion(0.74192, -0.0637746, 0.639533, -0.191012)
bones/34/position = Vector3(0.311061, 0.0991967, -0.320106)
bones/35/position = Vector3(0.389201, -0.176958, 0.0591412)
bones/35/rotation = Quaternion(0.0523932, 0.628477, -0.765323, 0.128656)
bones/36/rotation = Quaternion(0.617461, -0.0258809, 0.0203338, 0.785913)
bones/37/rotation = Quaternion(0.277163, 0.260892, -0.213592, 0.899719)
bones/39/rotation = Quaternion(0.0562063, 0.0427068, -0.126454, 0.989458)
bones/40/rotation = Quaternion(-0.103929, -0.405007, 0.0174814, 0.908219)
bones/41/rotation = Quaternion(-0.0329061, -0.365069, -0.0147515, 0.930282)
bones/42/rotation = Quaternion(-0.152992, -0.678453, -0.202386, 0.689445)
bones/43/rotation = Quaternion(-0.122065, -0.00155063, 0.0122949, 0.992445)
bones/44/rotation = Quaternion(-0.0774178, 0.000793478, 0.0329075, 0.996455)
bones/45/rotation = Quaternion(-0.112636, -0.715916, -0.16103, 0.66996)
bones/46/rotation = Quaternion(-0.129114, -0.00216813, 0.0205813, 0.991414)
bones/47/rotation = Quaternion(-0.0749137, -0.000970302, -0.0242319, 0.996895)
bones/48/rotation = Quaternion(-0.0905472, -0.757809, -0.164775, 0.6248)
bones/49/rotation = Quaternion(-0.22482, -0.00532059, 0.0154659, 0.974263)
bones/50/rotation = Quaternion(-0.216225, -0.00086863, 0.00430952, 0.976334)
bones/51/position = Vector3(-0.207699, -0.567307, 0.435742)
bones/52/position = Vector3(-0.110148, -0.9892, 0.118364)
bones/52/rotation = Quaternion(-0.494984, -2.55846e-05, 1.45746e-05, 0.868902)
bones/53/rotation = Quaternion(0.708872, 0.150527, -0.624829, -0.290571)
bones/54/rotation = Quaternion(-0.319956, 0.641714, 0.330325, 0.613773)
bones/55/position = Vector3(-0.246117, 0.0991967, -0.320106)
bones/56/position = Vector3(-0.360436, -0.180484, 0.0276204)
bones/56/rotation = Quaternion(-0.00858936, -0.675828, 0.736553, -0.0259401)
bones/57/rotation = Quaternion(0.581547, -0.0177559, 0.0126974, 0.81322)
bones/58/rotation = Quaternion(0.27979, -0.174793, 0.202235, 0.922099)
bones/60/rotation = Quaternion(0.0921979, -0.0105616, -0.161114, 0.982563)
bones/61/rotation = Quaternion(-0.0499963, 0.403263, -0.04142, 0.912778)
bones/62/rotation = Quaternion(-0.0640214, 0.36437, 0.026961, 0.92866)
bones/64/rotation = Quaternion(-0.0660323, 0.000856409, -0.0123626, 0.997741)
bones/65/rotation = Quaternion(-0.127443, 0.000862817, -0.0329058, 0.9913)
bones/66/rotation = Quaternion(-0.0567512, 0.694556, 0.121872, 0.706766)
bones/68/rotation = Quaternion(-0.0614352, 0.00129768, 0.0242166, 0.997816)
bones/69/rotation = Quaternion(-0.164016, 0.689759, 0.221906, 0.669395)
bones/70/rotation = Quaternion(-0.097159, 0.00327936, -0.0160233, 0.995135)
bones/71/rotation = Quaternion(-0.092743, 0.000324262, -0.00438422, 0.99568)

[node name="bangs_01" parent="Armature/Skeleton3D" index="0"]
visible = false

[node name="bangs_02" parent="Armature/Skeleton3D" index="1"]
visible = false

[node name="bangs_03" parent="Armature/Skeleton3D" index="2"]
visible = false

[node name="bangs_06" parent="Armature/Skeleton3D" index="3"]
visible = false

[node name="bangs_07" parent="Armature/Skeleton3D" index="4"]
visible = false

[node name="bangs_08" parent="Armature/Skeleton3D" index="5"]
visible = false

[node name="bangs_09" parent="Armature/Skeleton3D" index="6"]
visible = false

[node name="bangs_10" parent="Armature/Skeleton3D" index="7"]
visible = false

[node name="bangs_11" parent="Armature/Skeleton3D" index="8"]
visible = false

[node name="bangs_12" parent="Armature/Skeleton3D" index="9"]
visible = false

[node name="bangs_13" parent="Armature/Skeleton3D" index="10"]
visible = false

[node name="bangs_14" parent="Armature/Skeleton3D" index="11"]
visible = false

[node name="bangs_15" parent="Armature/Skeleton3D" index="12"]
visible = false

[node name="bangs_04" parent="Armature/Skeleton3D" index="13"]
visible = false

[node name="bangs_05" parent="Armature/Skeleton3D" index="14"]
visible = false

[node name="bangs_16" parent="Armature/Skeleton3D" index="15"]
visible = false

[node name="bangs_17" parent="Armature/Skeleton3D" index="16"]
visible = false

[node name="bangs_18" parent="Armature/Skeleton3D" index="17"]
visible = false

[node name="bangs_19" parent="Armature/Skeleton3D" index="18"]
visible = false

[node name="bangs_20" parent="Armature/Skeleton3D" index="19"]
visible = false

[node name="bottom_01" parent="Armature/Skeleton3D" index="21"]
visible = false

[node name="bottom_02" parent="Armature/Skeleton3D" index="22"]
visible = false

[node name="bottom_03" parent="Armature/Skeleton3D" index="23"]
visible = false

[node name="bottom_04" parent="Armature/Skeleton3D" index="24"]
visible = false

[node name="bottom_05" parent="Armature/Skeleton3D" index="25"]
visible = false

[node name="facial_01" parent="Armature/Skeleton3D" index="26"]
visible = false

[node name="facial_02" parent="Armature/Skeleton3D" index="27"]
visible = false

[node name="facial_03" parent="Armature/Skeleton3D" index="28"]
visible = false

[node name="facial_04" parent="Armature/Skeleton3D" index="29"]
visible = false

[node name="facial_05" parent="Armature/Skeleton3D" index="30"]
visible = false

[node name="facial_06" parent="Armature/Skeleton3D" index="31"]
visible = false

[node name="facial_07" parent="Armature/Skeleton3D" index="32"]
visible = false

[node name="facial_08" parent="Armature/Skeleton3D" index="33"]
visible = false

[node name="facial_09" parent="Armature/Skeleton3D" index="34"]
visible = false

[node name="facial_10" parent="Armature/Skeleton3D" index="35"]
visible = false

[node name="facial_11" parent="Armature/Skeleton3D" index="36"]
visible = false

[node name="hair_01" parent="Armature/Skeleton3D" index="37"]
visible = false

[node name="hair_02" parent="Armature/Skeleton3D" index="38"]
visible = false

[node name="hair_03" parent="Armature/Skeleton3D" index="39"]
visible = false

[node name="hair_04" parent="Armature/Skeleton3D" index="40"]
visible = false

[node name="hair_05" parent="Armature/Skeleton3D" index="41"]
visible = false

[node name="hair_06" parent="Armature/Skeleton3D" index="42"]
visible = false

[node name="hair_07" parent="Armature/Skeleton3D" index="43"]
visible = false

[node name="hair_08" parent="Armature/Skeleton3D" index="44"]
visible = false

[node name="hair_09" parent="Armature/Skeleton3D" index="45"]
visible = false

[node name="hair_10" parent="Armature/Skeleton3D" index="46"]
visible = false

[node name="hair_11" parent="Armature/Skeleton3D" index="47"]
visible = false

[node name="hair_12" parent="Armature/Skeleton3D" index="48"]
visible = false

[node name="hair_13" parent="Armature/Skeleton3D" index="49"]
visible = false

[node name="hair_14" parent="Armature/Skeleton3D" index="50"]
visible = false

[node name="hair_15" parent="Armature/Skeleton3D" index="51"]
visible = false

[node name="hair_16" parent="Armature/Skeleton3D" index="52"]
visible = false

[node name="hair_17" parent="Armature/Skeleton3D" index="53"]
visible = false

[node name="hair_18" parent="Armature/Skeleton3D" index="54"]
visible = false

[node name="hair_19" parent="Armature/Skeleton3D" index="55"]
visible = false

[node name="hair_20" parent="Armature/Skeleton3D" index="56"]
visible = false

[node name="hat_0" parent="Armature/Skeleton3D" index="57"]
visible = false

[node name="hat_1" parent="Armature/Skeleton3D" index="58"]
visible = false

[node name="hat_2" parent="Armature/Skeleton3D" index="59"]
visible = false

[node name="hat_3" parent="Armature/Skeleton3D" index="60"]
visible = false

[node name="hat_4" parent="Armature/Skeleton3D" index="61"]
visible = false

[node name="hat_5" parent="Armature/Skeleton3D" index="62"]
visible = false

[node name="mask_01" parent="Armature/Skeleton3D" index="63"]
visible = false

[node name="mask_02" parent="Armature/Skeleton3D" index="64"]
visible = false

[node name="mask_04" parent="Armature/Skeleton3D" index="65"]
visible = false

[node name="necklace_01" parent="Armature/Skeleton3D" index="66"]
visible = false

[node name="wiggle_hair_long_1" type="BoneAttachment3D" parent="Armature/Skeleton3D" index="67"]
transform = Transform3D(0.999492, -0.0110418, -0.0299118, -0.00549287, -0.983725, 0.179597, -0.031408, -0.179341, -0.983288, 0.000110425, 0.529037, -0.175959)
bone_name = "hair_long_1"
bone_idx = 4
script = ExtResource("2_482ea")
properties = SubResource("Resource_alcap")

[node name="wiggle_hair_long_2" type="BoneAttachment3D" parent="Armature/Skeleton3D" index="68"]
transform = Transform3D(0.999502, -0.00340026, -0.0313555, -0.00312677, -0.999957, 0.00876718, -0.0313839, -0.00866476, -0.999472, -0.00212423, 0.32995, -0.212254)
bone_name = "hair_long_2"
bone_idx = 5
script = ExtResource("2_482ea")
properties = SubResource("Resource_aafn1")

[node name="wiggle_hair_long_3" type="BoneAttachment3D" parent="Armature/Skeleton3D" index="69"]
transform = Transform3D(0.999502, 0.000325256, -0.0315587, -0.00193963, -0.997424, -0.0717106, -0.0315006, 0.0717359, -0.996928, -0.00276368, 0.141899, -0.213884)
bone_name = "hair_long_3"
bone_idx = 6
script = ExtResource("2_482ea")
properties = SubResource("Resource_aafn1")

[node name="wiggle_hair_med_bun_1" type="BoneAttachment3D" parent="Armature/Skeleton3D" index="70"]
transform = Transform3D(0.999699, -0.024276, 0.00364105, -0.0103835, -0.283787, 0.958831, -0.0222433, -0.95858, -0.283953, 0.00487574, 0.741486, -0.0931439)
bone_name = "hair_med_bun_1"
bone_idx = 11
script = ExtResource("2_482ea")
properties = SubResource("Resource_aafn1")

[node name="wiggle_hair_med_bun_2" type="BoneAttachment3D" parent="Armature/Skeleton3D" index="71"]
transform = Transform3D(0.99972, -0.00326296, -0.0234195, -0.00581642, -0.993936, -0.109807, -0.0229192, 0.109912, -0.993677, 0.00192315, 0.70697, -0.209732)
bone_name = "hair_med_bun_2"
bone_idx = 12
script = ExtResource("2_482ea")
properties = SubResource("Resource_aafn1")

[node name="wiggle_hair_med_bun_3" type="BoneAttachment3D" parent="Armature/Skeleton3D" index="72"]
transform = Transform3D(0.999705, 0.00459179, -0.0238418, -0.0035048, -0.944379, -0.328841, -0.0240257, 0.328827, -0.944084, 0.00153274, 0.588046, -0.196581)
bone_name = "hair_med_bun_3"
bone_idx = 13
script = ExtResource("2_482ea")
properties = SubResource("Resource_aafn1")

[node name="wiggle_hair_long_bun_1" type="BoneAttachment3D" parent="Armature/Skeleton3D" index="73"]
transform = Transform3D(0.9997, -0.0241382, 0.00418288, -0.0105547, -0.270302, 0.962718, -0.0221077, -0.962473, -0.270476, 0.00487574, 0.741486, -0.0931439)
bone_name = "hair_long_bun_1"
bone_idx = 14
script = ExtResource("2_482ea")
properties = SubResource("Resource_aafn1")

[node name="wiggle_hair_long_bun_2" type="BoneAttachment3D" parent="Armature/Skeleton3D" index="74"]
transform = Transform3D(0.999723, -0.00339129, -0.0232969, -0.00590763, -0.994045, -0.108809, -0.0227891, 0.108916, -0.99379, 0.00123277, 0.700692, -0.238401)
bone_name = "hair_long_bun_2"
bone_idx = 15
script = ExtResource("2_482ea")
properties = SubResource("Resource_aafn1")

[node name="wiggle_hair_long_bun_3" type="BoneAttachment3D" parent="Armature/Skeleton3D" index="75"]
transform = Transform3D(0.999713, 0.00286061, -0.0237687, -0.00350703, -0.964626, -0.263601, -0.023682, 0.263608, -0.964339, 0.000620541, 0.521237, -0.218739)
bone_name = "hair_long_bun_3"
bone_idx = 16
script = ExtResource("2_482ea")
properties = SubResource("Resource_aafn1")

[node name="wiggle_hair_long_bun_4" type="BoneAttachment3D" parent="Armature/Skeleton3D" index="76"]
transform = Transform3D(0.999703, 0.00571365, -0.0236803, -0.00230997, -0.945488, -0.325649, -0.0242501, 0.325607, -0.945194, 0.00120919, 0.32274, -0.164494)
bone_name = "hair_long_bun_4"
bone_idx = 17
script = ExtResource("2_482ea")
properties = SubResource("Resource_aafn1")

[node name="wiggle_hair_med_1_l" type="BoneAttachment3D" parent="Armature/Skeleton3D" index="77"]
transform = Transform3D(0.998032, 0.0389697, 0.0482906, 0.0352439, -0.996507, 0.0757104, 0.0510702, -0.0738625, -0.995959, 0.082551, 0.642049, 0.0490914)
bone_name = "hair_med_1_l"
bone_idx = 8
script = ExtResource("2_482ea")
properties = SubResource("Resource_aafn1")

[node name="wiggle_hair_med_2_l" type="BoneAttachment3D" parent="Armature/Skeleton3D" index="78"]
transform = Transform3D(0.99105, 0.078651, 0.107883, 0.0601365, -0.984417, 0.165248, 0.119199, -0.15728, -0.980336, 0.0695633, 0.659706, -0.0623801)
bone_name = "hair_med_2_l"
bone_idx = 7
script = ExtResource("2_482ea")
properties = SubResource("Resource_aafn1")

[node name="wiggle_hair_med_1_r" type="BoneAttachment3D" parent="Armature/Skeleton3D" index="79"]
transform = Transform3D(0.99227, -0.054447, -0.111139, -0.0460676, -0.995996, 0.0766035, -0.11486, -0.0708946, -0.990847, -0.0653353, 0.643494, 0.0538938)
bone_name = "hair_med_1_r"
bone_idx = 19
script = ExtResource("2_482ea")
properties = SubResource("Resource_aafn1")

[node name="wiggle_hair_med_2_r" type="BoneAttachment3D" parent="Armature/Skeleton3D" index="80"]
transform = Transform3D(0.980851, -0.0990652, -0.167664, -0.0708224, -0.983451, 0.166756, -0.181409, -0.151689, -0.971635, -0.059264, 0.660965, -0.0581966)
bone_name = "hair_med_2_r"
bone_idx = 18
script = ExtResource("2_482ea")
properties = SubResource("Resource_aafn1")

[node name="wiggle_hair_short_bun_1" type="BoneAttachment3D" parent="Armature/Skeleton3D" index="81"]
transform = Transform3D(0.999705, -0.0219368, 0.010365, -0.0127807, -0.113016, 0.993511, -0.0206231, -0.993351, -0.113263, 0.00487574, 0.741486, -0.0931439)
bone_name = "hair_short_bun_1"
bone_idx = 9
script = ExtResource("2_482ea")
properties = SubResource("Resource_aafn1")

[node name="wiggle_hair_short_bun_2" type="BoneAttachment3D" parent="Armature/Skeleton3D" index="82"]
transform = Transform3D(0.999698, 0.00118309, -0.0245443, -0.00781723, -0.931638, -0.363305, -0.0232962, 0.363387, -0.931347, 0.00301849, 0.731918, -0.177244)
bone_name = "hair_short_bun_2"
bone_idx = 10
script = ExtResource("2_482ea")
properties = SubResource("Resource_aafn1")

[node name="wiggle_sleeve_l" type="BoneAttachment3D" parent="Armature/Skeleton3D" index="83"]
transform = Transform3D(-0.657104, -0.684637, -0.315416, 0.647501, -0.726892, 0.228846, -0.38595, -0.0538566, 0.920946, 0.448704, -0.120844, 0.0519158)
bone_name = "sleeve_l"
bone_idx = 22
script = ExtResource("2_482ea")
properties = SubResource("Resource_aafn1")

[node name="wiggle_sleeve_r" type="BoneAttachment3D" parent="Armature/Skeleton3D" index="84"]
transform = Transform3D(-0.658025, 0.709453, 0.25235, -0.633922, -0.702798, 0.322827, 0.406382, 0.0524584, 0.912196, -0.421193, -0.129319, 0.00709485)
bone_name = "sleeve_r"
bone_idx = 25
script = ExtResource("2_482ea")
properties = SubResource("Resource_aafn1")

[node name="shoes_01" parent="Armature/Skeleton3D" index="85"]
visible = false

[node name="shoes_02" parent="Armature/Skeleton3D" index="86"]
visible = false

[node name="shoulder_guards" parent="Armature/Skeleton3D" index="87"]
visible = false

[node name="top_01" parent="Armature/Skeleton3D" index="88"]
visible = false

[node name="top_02" parent="Armature/Skeleton3D" index="89"]
visible = false

[node name="top_03" parent="Armature/Skeleton3D" index="90"]
visible = false

[node name="top_04" parent="Armature/Skeleton3D" index="91"]
visible = false

[node name="top_05" parent="Armature/Skeleton3D" index="92"]
visible = false

[node name="top_06" parent="Armature/Skeleton3D" index="93"]
visible = false

[node name="AnimationTree" type="AnimationTree" parent="." index="2"]
tree_root = SubResource("AnimationNodeStateMachine_pc8ap")
anim_player = NodePath("../AnimationPlayer")
active = true
