[gd_scene load_steps=9 format=3 uid="uid://c8lpxncjkcjqb"]

[ext_resource type="PackedScene" uid="uid://bc2ieqwfpwab5" path="res://assets/models/male/male_model.glb" id="1_cthuh"]
[ext_resource type="Script" path="res://addons/wigglebone/wiggle_bone.gd" id="2_482ea"]
[ext_resource type="Script" path="res://addons/wigglebone/wiggle_properties.gd" id="3_046cy"]

[sub_resource type="Resource" id="Resource_alcap"]
script = ExtResource("3_046cy")
mode = 0
stiffness = 0.02
damping = 0.05
gravity = Vector3(0, -1, 0)
length = 1.0
max_distance = 0.5
max_degrees = 40.0

[sub_resource type="Resource" id="Resource_aafn1"]
script = ExtResource("3_046cy")
mode = 0
stiffness = 0.02
damping = 0.05
gravity = Vector3(0, -1, 0)
length = 1.0
max_distance = 0.5
max_degrees = 40.0

[sub_resource type="AnimationNodeAnimation" id="AnimationNodeAnimation_fb2tc"]
animation = &"idle"

[sub_resource type="AnimationNodeStateMachineTransition" id="AnimationNodeStateMachineTransition_kbqcn"]
advance_mode = 2

[sub_resource type="AnimationNodeStateMachine" id="AnimationNodeStateMachine_pc8ap"]
states/idle/node = SubResource("AnimationNodeAnimation_fb2tc")
states/idle/position = Vector2(548, 100)
transitions = ["Start", "idle", SubResource("AnimationNodeStateMachineTransition_kbqcn")]

[node name="male_model" instance=ExtResource("1_cthuh")]

[node name="Skeleton3D" parent="Armature" index="0"]
bones/0/position = Vector3(0, -0.133508, 0)
bones/1/rotation = Quaternion(-0.0347791, -0.754588, -0.029649, 0.654606)
bones/2/rotation = Quaternion(0.234165, 0.0838622, -0.0247096, 0.968258)
bones/3/rotation = Quaternion(-0.133879, 3.91635e-09, 4.73201e-08, 0.990998)
bones/20/position = Vector3(0.184668, 0.37943, 0.000455936)
bones/20/rotation = Quaternion(-0.0513423, 0.134087, -0.978637, 0.147154)
bones/21/rotation = Quaternion(0.265631, 0.00342757, 0.0328604, 0.963508)
bones/23/position = Vector3(-0.182037, 0.379212, -0.0109505)
bones/23/rotation = Quaternion(0.0227579, -0.0902213, 0.987199, 0.12954)
bones/24/rotation = Quaternion(0.291429, -0.00299414, -0.0404941, 0.95573)
bones/26/rotation = Quaternion(0.706537, 0.0785974, 0.700012, -0.0679062)
bones/27/rotation = Quaternion(0.00287584, -0.00790155, 0.000639373, 0.999964)
bones/28/rotation = Quaternion(0.579395, -0.203671, 0.773863, 0.154776)
bones/28/scale = Vector3(0.999951, 0.999996, 0.999959)
bones/29/rotation = Quaternion(0.39453, 0.00273535, -0.0125731, 0.918793)
bones/31/position = Vector3(0.110148, -1.05685, -0.189381)
bones/31/rotation = Quaternion(-0.658409, 2.21619e-05, -1.93866e-05, 0.75266)
bones/32/position = Vector3(-4.57011e-05, -0.000298547, 0.0037836)
bones/32/rotation = Quaternion(0.74192, -0.0637746, 0.639533, -0.191012)
bones/34/position = Vector3(0.311061, 0.0991967, -0.320106)
bones/35/position = Vector3(0.389201, -0.173069, 0.0606968)
bones/35/rotation = Quaternion(0.0512031, 0.621384, -0.771093, 0.129135)
bones/36/rotation = Quaternion(0.617461, -0.0258809, 0.0203338, 0.785913)
bones/37/rotation = Quaternion(0.277163, 0.260892, -0.213592, 0.899719)
bones/39/rotation = Quaternion(0.0562063, 0.0427068, -0.126454, 0.989458)
bones/40/rotation = Quaternion(-0.103929, -0.405007, 0.0174814, 0.908219)
bones/41/rotation = Quaternion(-0.0329061, -0.365069, -0.0147515, 0.930282)
bones/42/rotation = Quaternion(-0.152992, -0.678453, -0.202386, 0.689445)
bones/43/rotation = Quaternion(-0.122065, -0.00155063, 0.0122949, 0.992445)
bones/44/rotation = Quaternion(-0.0774178, 0.000793478, 0.0329075, 0.996455)
bones/45/rotation = Quaternion(-0.112636, -0.715916, -0.16103, 0.66996)
bones/46/rotation = Quaternion(-0.129114, -0.00216813, 0.0205813, 0.991414)
bones/47/rotation = Quaternion(-0.0749137, -0.000970302, -0.0242319, 0.996895)
bones/48/rotation = Quaternion(-0.0905472, -0.757809, -0.164775, 0.6248)
bones/49/rotation = Quaternion(-0.22482, -0.00532059, 0.0154659, 0.974263)
bones/50/rotation = Quaternion(-0.216225, -0.00086863, 0.00430952, 0.976334)
bones/51/position = Vector3(-0.207699, -0.567307, 0.435742)
bones/52/position = Vector3(-0.110148, -0.9892, 0.118364)
bones/52/rotation = Quaternion(-0.494984, -2.55846e-05, 1.45746e-05, 0.868902)
bones/53/rotation = Quaternion(0.708872, 0.150527, -0.624829, -0.290571)
bones/54/rotation = Quaternion(-0.319956, 0.641714, 0.330325, 0.613773)
bones/55/position = Vector3(-0.246117, 0.0991967, -0.320106)
bones/56/position = Vector3(-0.360436, -0.176749, 0.0286389)
bones/56/rotation = Quaternion(-0.00858936, -0.675828, 0.736553, -0.0259401)
bones/57/rotation = Quaternion(0.581547, -0.0177559, 0.0126974, 0.81322)
bones/58/rotation = Quaternion(0.27979, -0.174793, 0.202235, 0.922099)
bones/60/rotation = Quaternion(0.0921979, -0.0105616, -0.161114, 0.982563)
bones/61/rotation = Quaternion(-0.0499963, 0.403263, -0.04142, 0.912778)
bones/62/rotation = Quaternion(-0.0640214, 0.36437, 0.026961, 0.92866)
bones/64/rotation = Quaternion(-0.0660323, 0.000856409, -0.0123626, 0.997741)
bones/65/rotation = Quaternion(-0.127443, 0.000862817, -0.0329058, 0.9913)
bones/66/rotation = Quaternion(-0.0567512, 0.694556, 0.121872, 0.706766)
bones/68/rotation = Quaternion(-0.0614352, 0.00129768, 0.0242166, 0.997816)
bones/69/rotation = Quaternion(-0.164016, 0.689759, 0.221906, 0.669395)
bones/70/rotation = Quaternion(-0.097159, 0.00327936, -0.0160233, 0.995135)
bones/71/rotation = Quaternion(-0.092743, 0.000324262, -0.00438422, 0.99568)

[node name="bangs_01" parent="Armature/Skeleton3D" index="0"]
visible = false

[node name="bangs_02" parent="Armature/Skeleton3D" index="1"]
visible = false

[node name="bangs_03" parent="Armature/Skeleton3D" index="2"]
visible = false

[node name="bangs_06" parent="Armature/Skeleton3D" index="3"]
visible = false

[node name="bangs_07" parent="Armature/Skeleton3D" index="4"]
visible = false

[node name="bangs_08" parent="Armature/Skeleton3D" index="5"]
visible = false

[node name="bangs_09" parent="Armature/Skeleton3D" index="6"]
visible = false

[node name="bangs_10" parent="Armature/Skeleton3D" index="7"]
visible = false

[node name="bangs_11" parent="Armature/Skeleton3D" index="8"]
visible = false

[node name="bangs_12" parent="Armature/Skeleton3D" index="9"]
visible = false

[node name="bangs_13" parent="Armature/Skeleton3D" index="10"]
visible = false

[node name="bangs_14" parent="Armature/Skeleton3D" index="11"]
visible = false

[node name="bangs_15" parent="Armature/Skeleton3D" index="12"]
visible = false

[node name="bangs_16" parent="Armature/Skeleton3D" index="13"]
visible = false

[node name="bangs_04" parent="Armature/Skeleton3D" index="14"]
visible = false

[node name="bangs_05" parent="Armature/Skeleton3D" index="15"]
visible = false

[node name="bangs_17" parent="Armature/Skeleton3D" index="16"]
visible = false

[node name="bangs_18" parent="Armature/Skeleton3D" index="17"]
visible = false

[node name="bangs_19" parent="Armature/Skeleton3D" index="18"]
visible = false

[node name="bangs_20" parent="Armature/Skeleton3D" index="19"]
visible = false

[node name="bottom_01" parent="Armature/Skeleton3D" index="21"]
visible = false

[node name="bottom_02" parent="Armature/Skeleton3D" index="22"]
visible = false

[node name="bottom_03" parent="Armature/Skeleton3D" index="23"]
visible = false

[node name="bottom_04" parent="Armature/Skeleton3D" index="24"]
visible = false

[node name="bottom_05" parent="Armature/Skeleton3D" index="25"]
visible = false

[node name="facial_01" parent="Armature/Skeleton3D" index="26"]
visible = false

[node name="facial_02" parent="Armature/Skeleton3D" index="27"]
visible = false

[node name="facial_03" parent="Armature/Skeleton3D" index="28"]
visible = false

[node name="facial_04" parent="Armature/Skeleton3D" index="29"]
visible = false

[node name="facial_05" parent="Armature/Skeleton3D" index="30"]
visible = false

[node name="facial_06" parent="Armature/Skeleton3D" index="31"]
visible = false

[node name="facial_07" parent="Armature/Skeleton3D" index="32"]
visible = false

[node name="facial_08" parent="Armature/Skeleton3D" index="33"]
visible = false

[node name="facial_09" parent="Armature/Skeleton3D" index="34"]
visible = false

[node name="facial_10" parent="Armature/Skeleton3D" index="35"]
visible = false

[node name="facial_11" parent="Armature/Skeleton3D" index="36"]
visible = false

[node name="hair_01" parent="Armature/Skeleton3D" index="37"]
visible = false

[node name="hair_02" parent="Armature/Skeleton3D" index="38"]
visible = false

[node name="hair_03" parent="Armature/Skeleton3D" index="39"]
visible = false

[node name="hair_04" parent="Armature/Skeleton3D" index="40"]
visible = false

[node name="hair_05" parent="Armature/Skeleton3D" index="41"]
visible = false

[node name="hair_06" parent="Armature/Skeleton3D" index="42"]
visible = false

[node name="hair_07" parent="Armature/Skeleton3D" index="43"]
visible = false

[node name="hair_08" parent="Armature/Skeleton3D" index="44"]
visible = false

[node name="hair_09" parent="Armature/Skeleton3D" index="45"]
visible = false

[node name="hair_10" parent="Armature/Skeleton3D" index="46"]
visible = false

[node name="hat_0" parent="Armature/Skeleton3D" index="47"]
visible = false

[node name="hat_1" parent="Armature/Skeleton3D" index="48"]
visible = false

[node name="hat_2" parent="Armature/Skeleton3D" index="49"]
visible = false

[node name="hat_3" parent="Armature/Skeleton3D" index="50"]
visible = false

[node name="hat_4" parent="Armature/Skeleton3D" index="51"]
visible = false

[node name="hat_5" parent="Armature/Skeleton3D" index="52"]
visible = false

[node name="mask_01" parent="Armature/Skeleton3D" index="53"]
visible = false

[node name="mask_02" parent="Armature/Skeleton3D" index="54"]
visible = false

[node name="mask_04" parent="Armature/Skeleton3D" index="55"]
visible = false

[node name="necklace_01" parent="Armature/Skeleton3D" index="56"]
visible = false

[node name="shoes_01" parent="Armature/Skeleton3D" index="57"]
visible = false

[node name="shoes_02" parent="Armature/Skeleton3D" index="58"]
visible = false

[node name="shoulder_guards" parent="Armature/Skeleton3D" index="59"]
visible = false

[node name="top_01" parent="Armature/Skeleton3D" index="60"]
visible = false

[node name="top_02" parent="Armature/Skeleton3D" index="61"]
visible = false

[node name="top_03" parent="Armature/Skeleton3D" index="62"]
visible = false

[node name="top_04" parent="Armature/Skeleton3D" index="63"]
visible = false

[node name="top_05" parent="Armature/Skeleton3D" index="64"]
visible = false

[node name="top_06" parent="Armature/Skeleton3D" index="65"]
visible = false

[node name="wiggle_hair_long_1" type="BoneAttachment3D" parent="Armature/Skeleton3D" index="67"]
transform = Transform3D(0.999487, -0.0120125, -0.0296909, -0.00637771, -0.983083, 0.183048, -0.0313875, -0.182765, -0.982657, 0.00037434, 0.529192, -0.177254)
bone_name = "hair_long_1"
bone_idx = 4
script = ExtResource("2_482ea")
properties = SubResource("Resource_alcap")

[node name="wiggle_hair_long_2" type="BoneAttachment3D" parent="Armature/Skeleton3D" index="68"]
transform = Transform3D(0.999501, -0.00421438, -0.0313129, -0.00388479, -0.999936, 0.0105793, -0.0313554, -0.0104523, -0.999455, -0.00205676, 0.330235, -0.214242)
bone_name = "hair_long_2"
bone_idx = 5
script = ExtResource("2_482ea")
properties = SubResource("Resource_aafn1")

[node name="wiggle_hair_long_3" type="BoneAttachment3D" parent="Armature/Skeleton3D" index="69"]
transform = Transform3D(0.999501, -5.61133e-05, -0.0315933, -0.00236884, -0.997316, -0.0731706, -0.0315043, 0.0732087, -0.996821, -0.00284931, 0.142187, -0.216207)
bone_name = "hair_long_3"
bone_idx = 6
script = ExtResource("2_482ea")
properties = SubResource("Resource_aafn1")

[node name="wiggle_hair_med_bun_1" type="BoneAttachment3D" parent="Armature/Skeleton3D" index="70"]
transform = Transform3D(0.999647, -0.0263266, 0.00364636, -0.0108713, -0.279831, 0.959988, -0.0242529, -0.959688, -0.280018, 0.00527748, 0.741355, -0.0937171)
bone_name = "hair_med_bun_1"
bone_idx = 11
script = ExtResource("2_482ea")
properties = SubResource("Resource_aafn1")

[node name="wiggle_hair_med_bun_2" type="BoneAttachment3D" parent="Armature/Skeleton3D" index="71"]
transform = Transform3D(0.999669, -0.00394701, -0.0254279, -0.00662734, -0.994322, -0.106204, -0.0248644, 0.106337, -0.994019, 0.00207548, 0.70732, -0.21044)
bone_name = "hair_med_bun_2"
bone_idx = 12
script = ExtResource("2_482ea")
properties = SubResource("Resource_aafn1")

[node name="wiggle_hair_med_bun_3" type="BoneAttachment3D" parent="Armature/Skeleton3D" index="72"]
transform = Transform3D(0.999651, 0.00474461, -0.0259841, -0.00401144, -0.945054, -0.32689, -0.0261073, 0.32688, -0.944705, 0.00160322, 0.58835, -0.197717)
bone_name = "hair_med_bun_3"
bone_idx = 13
script = ExtResource("2_482ea")
properties = SubResource("Resource_aafn1")

[node name="wiggle_hair_long_bun_1" type="BoneAttachment3D" parent="Armature/Skeleton3D" index="73"]
transform = Transform3D(0.999647, -0.0262149, 0.00417111, -0.011007, -0.266374, 0.963807, -0.0241551, -0.963513, -0.266568, 0.00527748, 0.741355, -0.0937171)
bone_name = "hair_long_bun_1"
bone_idx = 14
script = ExtResource("2_482ea")
properties = SubResource("Resource_aafn1")

[node name="wiggle_hair_long_bun_2" type="BoneAttachment3D" parent="Armature/Skeleton3D" index="74"]
transform = Transform3D(0.999671, -0.00407283, -0.0253371, -0.00671827, -0.994427, -0.105219, -0.0247673, 0.105355, -0.994126, 0.0013211, 0.701154, -0.239131)
bone_name = "hair_long_bun_2"
bone_idx = 15
script = ExtResource("2_482ea")
properties = SubResource("Resource_aafn1")

[node name="wiggle_hair_long_bun_3" type="BoneAttachment3D" parent="Armature/Skeleton3D" index="75"]
transform = Transform3D(0.99966, 0.00282759, -0.0259129, -0.00405563, -0.965122, -0.26177, -0.0257493, 0.261787, -0.964782, 0.000585831, 0.52163, -0.220112)
bone_name = "hair_long_bun_3"
bone_idx = 16
script = ExtResource("2_482ea")
properties = SubResource("Resource_aafn1")

[node name="wiggle_hair_long_bun_4" type="BoneAttachment3D" parent="Armature/Skeleton3D" index="76"]
transform = Transform3D(0.999644, 0.00650235, -0.0258736, -0.00230734, -0.945136, -0.32667, -0.0265782, 0.326614, -0.944784, 0.00116768, 0.32303, -0.166242)
bone_name = "hair_long_bun_4"
bone_idx = 17
script = ExtResource("2_482ea")
properties = SubResource("Resource_aafn1")

[node name="wiggle_hair_med_1_l" type="BoneAttachment3D" parent="Armature/Skeleton3D" index="77"]
transform = Transform3D(0.998062, 0.0379862, 0.0484377, 0.0340663, -0.996268, 0.079305, 0.0512674, -0.0775045, -0.995672, 0.0828674, 0.641382, 0.0481885)
bone_name = "hair_med_1_l"
bone_idx = 8
script = ExtResource("2_482ea")
properties = SubResource("Resource_aafn1")

[node name="wiggle_hair_med_2_l" type="BoneAttachment3D" parent="Armature/Skeleton3D" index="78"]
transform = Transform3D(0.991112, 0.0776172, 0.108058, 0.0586485, -0.983903, 0.168808, 0.119421, -0.160969, -0.97971, 0.0699047, 0.659426, -0.0632239)
bone_name = "hair_med_2_l"
bone_idx = 7
script = ExtResource("2_482ea")
properties = SubResource("Resource_aafn1")

[node name="wiggle_hair_med_1_r" type="BoneAttachment3D" parent="Armature/Skeleton3D" index="79"]
transform = Transform3D(0.992236, -0.0554318, -0.11096, -0.0466391, -0.995678, 0.080311, -0.114927, -0.0745156, -0.990573, -0.0650184, 0.642913, 0.052979)
bone_name = "hair_med_1_r"
bone_idx = 19
script = ExtResource("2_482ea")
properties = SubResource("Resource_aafn1")

[node name="wiggle_hair_med_2_r" type="BoneAttachment3D" parent="Armature/Skeleton3D" index="80"]
transform = Transform3D(0.980793, -0.100072, -0.167407, -0.0711664, -0.982779, 0.170531, -0.181589, -0.155343, -0.971024, -0.0589221, 0.66076, -0.0590507)
bone_name = "hair_med_2_r"
bone_idx = 18
script = ExtResource("2_482ea")
properties = SubResource("Resource_aafn1")

[node name="wiggle_hair_short_bun_1" type="BoneAttachment3D" parent="Armature/Skeleton3D" index="81"]
transform = Transform3D(0.999652, -0.0243495, 0.0101354, -0.012749, -0.109701, 0.993883, -0.0230887, -0.993666, -0.109973, 0.00527748, 0.741355, -0.0937171)
bone_name = "hair_short_bun_1"
bone_idx = 9
script = ExtResource("2_482ea")
properties = SubResource("Resource_aafn1")

[node name="wiggle_hair_short_bun_2" type="BoneAttachment3D" parent="Armature/Skeleton3D" index="82"]
transform = Transform3D(0.999639, 0.00179498, -0.026791, -0.00796966, -0.932966, -0.359876, -0.0256411, 0.359959, -0.932616, 0.00321597, 0.732067, -0.177844)
bone_name = "hair_short_bun_2"
bone_idx = 10
script = ExtResource("2_482ea")
properties = SubResource("Resource_aafn1")

[node name="wiggle_sleeve_l" type="BoneAttachment3D" parent="Armature/Skeleton3D" index="83"]
transform = Transform3D(-0.661127, -0.685495, -0.304974, 0.645357, -0.726891, 0.23483, -0.382657, -0.0415644, 0.922955, 0.448695, -0.117915, 0.0525834)
bone_name = "sleeve_l"
bone_idx = 22
script = ExtResource("2_482ea")
properties = SubResource("Resource_aafn1")

[node name="wiggle_sleeve_r" type="BoneAttachment3D" parent="Armature/Skeleton3D" index="84"]
transform = Transform3D(-0.663382, 0.707565, 0.243465, -0.631633, -0.70395, 0.324799, 0.401204, 0.0616849, 0.913909, -0.420934, -0.127172, 0.0079896)
bone_name = "sleeve_r"
bone_idx = 25
script = ExtResource("2_482ea")
properties = SubResource("Resource_aafn1")

[node name="AnimationTree" type="AnimationTree" parent="." index="2"]
tree_root = SubResource("AnimationNodeStateMachine_pc8ap")
anim_player = NodePath("../AnimationPlayer")
active = true
