[gd_scene load_steps=9 format=3 uid="uid://c8lpxncjkcjqb"]

[ext_resource type="PackedScene" uid="uid://bc2ieqwfpwab5" path="res://assets/models/male/male_model.glb" id="1_cthuh"]
[ext_resource type="Script" path="res://addons/wigglebone/wiggle_bone.gd" id="2_482ea"]
[ext_resource type="Script" path="res://addons/wigglebone/wiggle_properties.gd" id="3_046cy"]

[sub_resource type="Resource" id="Resource_alcap"]
script = ExtResource("3_046cy")
mode = 0
stiffness = 0.02
damping = 0.05
gravity = Vector3(0, -1, 0)
length = 1.0
max_distance = 0.5
max_degrees = 40.0

[sub_resource type="Resource" id="Resource_aafn1"]
script = ExtResource("3_046cy")
mode = 0
stiffness = 0.02
damping = 0.05
gravity = Vector3(0, -1, 0)
length = 1.0
max_distance = 0.5
max_degrees = 40.0

[sub_resource type="AnimationNodeAnimation" id="AnimationNodeAnimation_fb2tc"]
animation = &"idle"

[sub_resource type="AnimationNodeStateMachineTransition" id="AnimationNodeStateMachineTransition_kbqcn"]
advance_mode = 2

[sub_resource type="AnimationNodeStateMachine" id="AnimationNodeStateMachine_pc8ap"]
states/idle/node = SubResource("AnimationNodeAnimation_fb2tc")
states/idle/position = Vector2(548, 100)
transitions = ["Start", "idle", SubResource("AnimationNodeStateMachineTransition_kbqcn")]

[node name="male_model" instance=ExtResource("1_cthuh")]

[node name="Skeleton3D" parent="Armature" index="0"]
bones/0/position = Vector3(0, -0.133508, 0)
bones/1/rotation = Quaternion(-0.0146723, -0.755142, -0.00647611, 0.655365)
bones/2/rotation = Quaternion(0.174293, 0.0852206, -0.0195157, 0.980805)
bones/3/rotation = Quaternion(-0.133879, 3.91635e-09, 4.73201e-08, 0.990998)
bones/20/position = Vector3(0.179644, 0.364928, -0.00332531)
bones/20/rotation = Quaternion(-0.0462318, 0.114465, -0.98003, 0.15589)
bones/21/rotation = Quaternion(0.239069, 0.00509501, 0.020592, 0.970771)
bones/23/position = Vector3(-0.179574, 0.364386, -0.00316629)
bones/23/rotation = Quaternion(0.019024, -0.0964969, 0.985079, 0.141231)
bones/24/rotation = Quaternion(0.30484, -0.00558087, -0.0236557, 0.952094)
bones/26/rotation = Quaternion(0.706537, 0.0785974, 0.700012, -0.0679062)
bones/27/rotation = Quaternion(0.00287584, -0.00790155, 0.000639373, 0.999964)
bones/28/rotation = Quaternion(0.579395, -0.203671, 0.773863, 0.154776)
bones/28/scale = Vector3(0.999951, 0.999996, 0.999959)
bones/29/rotation = Quaternion(0.39453, 0.00273535, -0.0125731, 0.918793)
bones/31/position = Vector3(0.110148, -1.05685, -0.189381)
bones/31/rotation = Quaternion(-0.658409, 2.21619e-05, -1.93866e-05, 0.75266)
bones/32/position = Vector3(-4.57011e-05, -0.000298547, 0.0037836)
bones/32/rotation = Quaternion(0.74192, -0.0637746, 0.639533, -0.191012)
bones/34/position = Vector3(0.311061, 0.0991967, -0.320106)
bones/35/position = Vector3(0.389201, -0.190944, 0.0535467)
bones/35/rotation = Quaternion(0.0564508, 0.652454, -0.744987, 0.126928)
bones/36/rotation = Quaternion(0.617461, -0.0258809, 0.0203338, 0.785913)
bones/37/rotation = Quaternion(0.277163, 0.260892, -0.213592, 0.899719)
bones/39/rotation = Quaternion(0.0562063, 0.0427068, -0.126454, 0.989458)
bones/40/rotation = Quaternion(-0.103929, -0.405007, 0.0174814, 0.908219)
bones/41/rotation = Quaternion(-0.0329061, -0.365069, -0.0147515, 0.930282)
bones/42/rotation = Quaternion(-0.152992, -0.678453, -0.202386, 0.689445)
bones/43/rotation = Quaternion(-0.122065, -0.00155063, 0.0122949, 0.992445)
bones/44/rotation = Quaternion(-0.0774178, 0.000793478, 0.0329075, 0.996455)
bones/45/rotation = Quaternion(-0.112636, -0.715916, -0.16103, 0.66996)
bones/46/rotation = Quaternion(-0.129114, -0.00216813, 0.0205813, 0.991414)
bones/47/rotation = Quaternion(-0.0749137, -0.000970302, -0.0242319, 0.996895)
bones/48/rotation = Quaternion(-0.0905472, -0.757809, -0.164775, 0.6248)
bones/49/rotation = Quaternion(-0.22482, -0.00532059, 0.0154659, 0.974263)
bones/50/rotation = Quaternion(-0.216225, -0.00086863, 0.00430952, 0.976334)
bones/51/position = Vector3(-0.207699, -0.567307, 0.435742)
bones/52/position = Vector3(-0.110148, -0.9892, 0.118364)
bones/52/rotation = Quaternion(-0.494984, -2.55846e-05, 1.45746e-05, 0.868902)
bones/53/rotation = Quaternion(0.708872, 0.150527, -0.624829, -0.290571)
bones/54/rotation = Quaternion(-0.319956, 0.641714, 0.330325, 0.613773)
bones/55/position = Vector3(-0.246117, 0.0991967, -0.320106)
bones/56/position = Vector3(-0.360436, -0.193305, 0.0241237)
bones/56/rotation = Quaternion(-0.00858936, -0.675828, 0.736553, -0.0259401)
bones/57/rotation = Quaternion(0.581547, -0.0177559, 0.0126974, 0.81322)
bones/58/rotation = Quaternion(0.27979, -0.174793, 0.202235, 0.922099)
bones/60/rotation = Quaternion(0.0921979, -0.0105616, -0.161114, 0.982563)
bones/61/rotation = Quaternion(-0.0499963, 0.403263, -0.04142, 0.912778)
bones/62/rotation = Quaternion(-0.0640214, 0.36437, 0.026961, 0.92866)
bones/64/rotation = Quaternion(-0.0660323, 0.000856409, -0.0123626, 0.997741)
bones/65/rotation = Quaternion(-0.127443, 0.000862817, -0.0329058, 0.9913)
bones/66/rotation = Quaternion(-0.0567512, 0.694556, 0.121872, 0.706766)
bones/68/rotation = Quaternion(-0.0614352, 0.00129768, 0.0242166, 0.997816)
bones/69/rotation = Quaternion(-0.164016, 0.689759, 0.221906, 0.669395)
bones/70/rotation = Quaternion(-0.097159, 0.00327936, -0.0160233, 0.995135)
bones/71/rotation = Quaternion(-0.092743, 0.000324262, -0.00438422, 0.99568)

[node name="bangs_01" parent="Armature/Skeleton3D" index="0"]
visible = false

[node name="bangs_02" parent="Armature/Skeleton3D" index="1"]
visible = false

[node name="bangs_03" parent="Armature/Skeleton3D" index="2"]
visible = false

[node name="bangs_06" parent="Armature/Skeleton3D" index="3"]
visible = false

[node name="bangs_07" parent="Armature/Skeleton3D" index="4"]
visible = false

[node name="bangs_08" parent="Armature/Skeleton3D" index="5"]
visible = false

[node name="bangs_09" parent="Armature/Skeleton3D" index="6"]
visible = false

[node name="bangs_10" parent="Armature/Skeleton3D" index="7"]
visible = false

[node name="bangs_11" parent="Armature/Skeleton3D" index="8"]
visible = false

[node name="bangs_12" parent="Armature/Skeleton3D" index="9"]
visible = false

[node name="bangs_13" parent="Armature/Skeleton3D" index="10"]
visible = false

[node name="bangs_14" parent="Armature/Skeleton3D" index="11"]
visible = false

[node name="bangs_15" parent="Armature/Skeleton3D" index="12"]
visible = false

[node name="bangs_16" parent="Armature/Skeleton3D" index="13"]
visible = false

[node name="bangs_04" parent="Armature/Skeleton3D" index="14"]
visible = false

[node name="bangs_05" parent="Armature/Skeleton3D" index="15"]
visible = false

[node name="bangs_17" parent="Armature/Skeleton3D" index="16"]
visible = false

[node name="bangs_18" parent="Armature/Skeleton3D" index="17"]
visible = false

[node name="bangs_19" parent="Armature/Skeleton3D" index="18"]
visible = false

[node name="bangs_20" parent="Armature/Skeleton3D" index="19"]
visible = false

[node name="bottom_01" parent="Armature/Skeleton3D" index="21"]
visible = false

[node name="bottom_02" parent="Armature/Skeleton3D" index="22"]
visible = false

[node name="bottom_03" parent="Armature/Skeleton3D" index="23"]
visible = false

[node name="bottom_04" parent="Armature/Skeleton3D" index="24"]
visible = false

[node name="bottom_05" parent="Armature/Skeleton3D" index="25"]
visible = false

[node name="facial_01" parent="Armature/Skeleton3D" index="26"]
visible = false

[node name="facial_02" parent="Armature/Skeleton3D" index="27"]
visible = false

[node name="facial_03" parent="Armature/Skeleton3D" index="28"]
visible = false

[node name="facial_04" parent="Armature/Skeleton3D" index="29"]
visible = false

[node name="facial_05" parent="Armature/Skeleton3D" index="30"]
visible = false

[node name="facial_06" parent="Armature/Skeleton3D" index="31"]
visible = false

[node name="facial_07" parent="Armature/Skeleton3D" index="32"]
visible = false

[node name="facial_08" parent="Armature/Skeleton3D" index="33"]
visible = false

[node name="facial_09" parent="Armature/Skeleton3D" index="34"]
visible = false

[node name="facial_10" parent="Armature/Skeleton3D" index="35"]
visible = false

[node name="facial_11" parent="Armature/Skeleton3D" index="36"]
visible = false

[node name="hair_01" parent="Armature/Skeleton3D" index="37"]
visible = false

[node name="hair_02" parent="Armature/Skeleton3D" index="38"]
visible = false

[node name="hair_03" parent="Armature/Skeleton3D" index="39"]
visible = false

[node name="hair_04" parent="Armature/Skeleton3D" index="40"]
visible = false

[node name="hair_05" parent="Armature/Skeleton3D" index="41"]
visible = false

[node name="hair_06" parent="Armature/Skeleton3D" index="42"]
visible = false

[node name="hair_07" parent="Armature/Skeleton3D" index="43"]
visible = false

[node name="hair_08" parent="Armature/Skeleton3D" index="44"]
visible = false

[node name="hair_09" parent="Armature/Skeleton3D" index="45"]
visible = false

[node name="hair_10" parent="Armature/Skeleton3D" index="46"]
visible = false

[node name="hair_11" parent="Armature/Skeleton3D" index="47"]
visible = false

[node name="hair_12" parent="Armature/Skeleton3D" index="48"]
visible = false

[node name="hair_13" parent="Armature/Skeleton3D" index="49"]
visible = false

[node name="hair_14" parent="Armature/Skeleton3D" index="50"]
visible = false

[node name="hair_15" parent="Armature/Skeleton3D" index="51"]
visible = false

[node name="hair_16" parent="Armature/Skeleton3D" index="52"]
visible = false

[node name="hair_17" parent="Armature/Skeleton3D" index="53"]
visible = false

[node name="hair_18" parent="Armature/Skeleton3D" index="54"]
visible = false

[node name="hair_19" parent="Armature/Skeleton3D" index="55"]
visible = false

[node name="hat_0" parent="Armature/Skeleton3D" index="56"]
visible = false

[node name="hat_1" parent="Armature/Skeleton3D" index="57"]
visible = false

[node name="hat_2" parent="Armature/Skeleton3D" index="58"]
visible = false

[node name="hat_3" parent="Armature/Skeleton3D" index="59"]
visible = false

[node name="hat_4" parent="Armature/Skeleton3D" index="60"]
visible = false

[node name="hat_5" parent="Armature/Skeleton3D" index="61"]
visible = false

[node name="mask_01" parent="Armature/Skeleton3D" index="62"]
visible = false

[node name="mask_02" parent="Armature/Skeleton3D" index="63"]
visible = false

[node name="mask_04" parent="Armature/Skeleton3D" index="64"]
visible = false

[node name="necklace_01" parent="Armature/Skeleton3D" index="65"]
visible = false

[node name="shoes_01" parent="Armature/Skeleton3D" index="66"]
visible = false

[node name="wiggle_hair_long_1" type="BoneAttachment3D" parent="Armature/Skeleton3D" index="67"]
transform = Transform3D(0.999441, -0.00550939, -0.0329628, -0.000590897, -0.989077, 0.147399, -0.0334147, -0.147297, -0.98853, -0.00388886, 0.525915, -0.155694)
bone_name = "hair_long_1"
bone_idx = 4
script = ExtResource("2_482ea")
properties = SubResource("Resource_alcap")

[node name="wiggle_hair_long_2" type="BoneAttachment3D" parent="Armature/Skeleton3D" index="68"]
transform = Transform3D(0.999437, -0.00341438, -0.0333821, -0.00333734, -0.999992, 0.00236328, -0.0333898, -0.00225053, -0.999442, -0.00500385, 0.325745, -0.185504)
bone_name = "hair_long_2"
bone_idx = 5
script = ExtResource("2_482ea")
properties = SubResource("Resource_aafn1")

[node name="wiggle_hair_long_3" type="BoneAttachment3D" parent="Armature/Skeleton3D" index="69"]
transform = Transform3D(0.999415, 0.00616377, -0.0336464, 0.00272864, -0.994862, -0.101201, -0.0340973, 0.10105, -0.994299, -0.00564596, 0.137688, -0.185927)
bone_name = "hair_long_3"
bone_idx = 6
script = ExtResource("2_482ea")
properties = SubResource("Resource_aafn1")

[node name="wiggle_hair_med_bun_1" type="BoneAttachment3D" parent="Armature/Skeleton3D" index="70"]
transform = Transform3D(0.999421, -0.0324102, -0.0102922, -0.000708584, -0.322447, 0.946587, -0.0339978, -0.946032, -0.322283, -0.00134009, 0.74246, -0.0841565)
bone_name = "hair_med_bun_1"
bone_idx = 11
script = ExtResource("2_482ea")
properties = SubResource("Resource_aafn1")

[node name="wiggle_hair_med_bun_2" type="BoneAttachment3D" parent="Armature/Skeleton3D" index="71"]
transform = Transform3D(0.999418, 0.00415445, -0.0338427, -0.000152693, -0.991994, -0.126284, -0.0340964, 0.126216, -0.991416, -0.00528201, 0.703242, -0.199219)
bone_name = "hair_med_bun_2"
bone_idx = 12
script = ExtResource("2_482ea")
properties = SubResource("Resource_aafn1")

[node name="wiggle_hair_med_bun_3" type="BoneAttachment3D" parent="Armature/Skeleton3D" index="72"]
transform = Transform3D(0.999473, 0.00704344, -0.0316703, -0.00400516, -0.941898, -0.335874, -0.0321959, 0.335825, -0.941374, -0.00478494, 0.584551, -0.184117)
bone_name = "hair_med_bun_3"
bone_idx = 13
script = ExtResource("2_482ea")
properties = SubResource("Resource_aafn1")

[node name="wiggle_hair_long_bun_1" type="BoneAttachment3D" parent="Armature/Skeleton3D" index="73"]
transform = Transform3D(0.999421, -0.0325576, -0.00986387, -0.000699546, -0.309559, 0.95088, -0.0340118, -0.950323, -0.309402, -0.00134009, 0.74246, -0.0841565)
bone_name = "hair_long_bun_1"
bone_idx = 14
script = ExtResource("2_482ea")
properties = SubResource("Resource_aafn1")

[node name="wiggle_hair_long_bun_2" type="BoneAttachment3D" parent="Armature/Skeleton3D" index="74"]
transform = Transform3D(0.999418, 0.00409123, -0.0338548, -0.000196869, -0.992069, -0.125699, -0.0341006, 0.125633, -0.99149, -0.00625371, 0.695741, -0.22758)
bone_name = "hair_long_bun_2"
bone_idx = 15
script = ExtResource("2_482ea")
properties = SubResource("Resource_aafn1")

[node name="wiggle_hair_long_bun_3" type="BoneAttachment3D" parent="Armature/Skeleton3D" index="75"]
transform = Transform3D(0.999465, 0.00413975, -0.0324342, -0.00474317, -0.963104, -0.269088, -0.0323514, 0.269098, -0.962569, -0.00551512, 0.516643, -0.2049)
bone_name = "hair_long_bun_3"
bone_idx = 16
script = ExtResource("2_482ea")
properties = SubResource("Resource_aafn1")

[node name="wiggle_hair_long_bun_4" type="BoneAttachment3D" parent="Armature/Skeleton3D" index="76"]
transform = Transform3D(0.999407, -0.0181405, -0.0292669, -0.0259263, -0.95579, -0.292904, -0.0226595, 0.293489, -0.955694, -0.00466326, 0.318459, -0.149525)
bone_name = "hair_long_bun_4"
bone_idx = 17
script = ExtResource("2_482ea")
properties = SubResource("Resource_aafn1")

[node name="wiggle_hair_med_1_l" type="BoneAttachment3D" parent="Armature/Skeleton3D" index="77"]
transform = Transform3D(0.997938, 0.044695, 0.0451498, 0.0427004, -0.998111, 0.0441777, 0.0470371, -0.0421605, -0.998002, 0.0775449, 0.651471, 0.062984)
bone_name = "hair_med_1_l"
bone_idx = 8
script = ExtResource("2_482ea")
properties = SubResource("Resource_aafn1")

[node name="wiggle_hair_med_2_l" type="BoneAttachment3D" parent="Armature/Skeleton3D" index="78"]
transform = Transform3D(0.991188, 0.0838318, 0.102583, 0.069673, -0.988451, 0.134573, 0.11268, -0.12624, -0.985582, 0.064258, 0.663108, -0.0492407)
bone_name = "hair_med_2_l"
bone_idx = 7
script = ExtResource("2_482ea")
properties = SubResource("Resource_aafn1")

[node name="wiggle_hair_med_1_r" type="BoneAttachment3D" parent="Armature/Skeleton3D" index="79"]
transform = Transform3D(0.992511, -0.0486146, -0.111692, -0.0439016, -0.998055, 0.0442598, -0.113622, -0.0390266, -0.992756, -0.0703437, 0.651577, 0.0679321)
bone_name = "hair_med_1_r"
bone_idx = 19
script = ExtResource("2_482ea")
properties = SubResource("Resource_aafn1")

[node name="wiggle_hair_med_2_r" type="BoneAttachment3D" parent="Armature/Skeleton3D" index="80"]
transform = Transform3D(0.981353, -0.093306, -0.16803, -0.0709024, -0.988343, 0.134723, -0.178642, -0.120298, -0.976529, -0.0645712, 0.663201, -0.0449303)
bone_name = "hair_med_2_r"
bone_idx = 18
script = ExtResource("2_482ea")
properties = SubResource("Resource_aafn1")

[node name="wiggle_hair_short_bun_1" type="BoneAttachment3D" parent="Armature/Skeleton3D" index="81"]
transform = Transform3D(0.999416, -0.0338192, -0.00490515, -0.000569239, -0.159994, 0.987118, -0.0341683, -0.986539, -0.15992, -0.00134008, 0.74246, -0.0841565)
bone_name = "hair_short_bun_1"
bone_idx = 9
script = ExtResource("2_482ea")
properties = SubResource("Resource_aafn1")

[node name="wiggle_hair_short_bun_2" type="BoneAttachment3D" parent="Armature/Skeleton3D" index="82"]
transform = Transform3D(0.999353, 0.0160335, -0.0321931, 0.00236691, -0.922508, -0.385971, -0.0358868, 0.385645, -0.921949, -0.00420334, 0.728914, -0.16768)
bone_name = "hair_short_bun_2"
bone_idx = 10
script = ExtResource("2_482ea")
properties = SubResource("Resource_aafn1")

[node name="wiggle_sleeve_l" type="BoneAttachment3D" parent="Armature/Skeleton3D" index="83"]
transform = Transform3D(-0.670595, -0.685666, -0.283133, 0.662666, -0.725242, 0.186812, -0.333431, -0.0623472, 0.940711, 0.448671, -0.134151, 0.0498569)
bone_name = "sleeve_l"
bone_idx = 22
script = ExtResource("2_482ea")
properties = SubResource("Resource_aafn1")

[node name="wiggle_sleeve_r" type="BoneAttachment3D" parent="Armature/Skeleton3D" index="84"]
transform = Transform3D(-0.660175, 0.713726, 0.234016, -0.65059, -0.699064, 0.296719, 0.375368, 0.0436377, 0.925848, -0.421965, -0.141816, 0.00607437)
bone_name = "sleeve_r"
bone_idx = 25
script = ExtResource("2_482ea")
properties = SubResource("Resource_aafn1")

[node name="shoes_02" parent="Armature/Skeleton3D" index="85"]
visible = false

[node name="shoulder_guards" parent="Armature/Skeleton3D" index="86"]
visible = false

[node name="top_01" parent="Armature/Skeleton3D" index="87"]
visible = false

[node name="top_02" parent="Armature/Skeleton3D" index="88"]
visible = false

[node name="top_03" parent="Armature/Skeleton3D" index="89"]
visible = false

[node name="top_04" parent="Armature/Skeleton3D" index="90"]
visible = false

[node name="top_05" parent="Armature/Skeleton3D" index="91"]
visible = false

[node name="top_06" parent="Armature/Skeleton3D" index="92"]
visible = false

[node name="AnimationTree" type="AnimationTree" parent="." index="2"]
tree_root = SubResource("AnimationNodeStateMachine_pc8ap")
anim_player = NodePath("../AnimationPlayer")
active = true
