[gd_scene load_steps=9 format=3 uid="uid://c8lpxncjkcjqb"]

[ext_resource type="PackedScene" uid="uid://bc2ieqwfpwab5" path="res://assets/models/male/male_model.glb" id="1_cthuh"]
[ext_resource type="Script" path="res://addons/wigglebone/wiggle_bone.gd" id="2_482ea"]
[ext_resource type="Script" path="res://addons/wigglebone/wiggle_properties.gd" id="3_046cy"]

[sub_resource type="Resource" id="Resource_alcap"]
script = ExtResource("3_046cy")
mode = 0
stiffness = 0.02
damping = 0.05
gravity = Vector3(0, -1, 0)
length = 1.0
max_distance = 0.5
max_degrees = 40.0

[sub_resource type="Resource" id="Resource_aafn1"]
script = ExtResource("3_046cy")
mode = 0
stiffness = 0.02
damping = 0.05
gravity = Vector3(0, -1, 0)
length = 1.0
max_distance = 0.5
max_degrees = 40.0

[sub_resource type="AnimationNodeAnimation" id="AnimationNodeAnimation_fb2tc"]
animation = &"idle"

[sub_resource type="AnimationNodeStateMachineTransition" id="AnimationNodeStateMachineTransition_kbqcn"]
advance_mode = 2

[sub_resource type="AnimationNodeStateMachine" id="AnimationNodeStateMachine_pc8ap"]
states/idle/node = SubResource("AnimationNodeAnimation_fb2tc")
states/idle/position = Vector2(548, 100)
transitions = ["Start", "idle", SubResource("AnimationNodeStateMachineTransition_kbqcn")]

[node name="male_model" instance=ExtResource("1_cthuh")]

[node name="Skeleton3D" parent="Armature" index="0"]
bones/0/position = Vector3(0, -0.133508, 0)
bones/1/rotation = Quaternion(-0.0343583, -0.754607, -0.029164, 0.654628)
bones/2/rotation = Quaternion(0.232854, 0.0838955, -0.0245961, 0.968574)
bones/3/rotation = Quaternion(-0.133879, 3.91635e-09, 4.73201e-08, 0.990998)
bones/20/position = Vector3(0.184684, 0.379476, 0.000467999)
bones/20/rotation = Quaternion(-0.0513422, 0.133315, -0.978725, 0.147267)
bones/21/rotation = Quaternion(0.264375, 0.00345194, 0.0325072, 0.963866)
bones/23/position = Vector3(-0.182052, 0.379303, -0.0109983)
bones/23/rotation = Quaternion(0.0226374, -0.089668, 0.987225, 0.129748)
bones/24/rotation = Quaternion(0.290677, -0.00302892, -0.0399771, 0.955981)
bones/26/rotation = Quaternion(0.706537, 0.0785974, 0.700012, -0.0679062)
bones/27/rotation = Quaternion(0.00287584, -0.00790155, 0.000639373, 0.999964)
bones/28/rotation = Quaternion(0.579395, -0.203671, 0.773863, 0.154776)
bones/28/scale = Vector3(0.999951, 0.999996, 0.999959)
bones/29/rotation = Quaternion(0.39453, 0.00273535, -0.0125731, 0.918793)
bones/31/position = Vector3(0.110148, -1.05685, -0.189381)
bones/31/rotation = Quaternion(-0.658409, 2.21619e-05, -1.93866e-05, 0.75266)
bones/32/position = Vector3(-4.57011e-05, -0.000298547, 0.0037836)
bones/32/rotation = Quaternion(0.74192, -0.0637746, 0.639533, -0.191012)
bones/34/position = Vector3(0.311061, 0.0991967, -0.320106)
bones/35/position = Vector3(0.389201, -0.173083, 0.0606911)
bones/35/rotation = Quaternion(0.0512786, 0.621835, -0.77073, 0.129105)
bones/36/rotation = Quaternion(0.617461, -0.0258809, 0.0203338, 0.785913)
bones/37/rotation = Quaternion(0.277163, 0.260892, -0.213592, 0.899719)
bones/39/rotation = Quaternion(0.0562063, 0.0427068, -0.126454, 0.989458)
bones/40/rotation = Quaternion(-0.103929, -0.405007, 0.0174814, 0.908219)
bones/41/rotation = Quaternion(-0.0329061, -0.365069, -0.0147515, 0.930282)
bones/42/rotation = Quaternion(-0.152992, -0.678453, -0.202386, 0.689445)
bones/43/rotation = Quaternion(-0.122065, -0.00155063, 0.0122949, 0.992445)
bones/44/rotation = Quaternion(-0.0774178, 0.000793478, 0.0329075, 0.996455)
bones/45/rotation = Quaternion(-0.112636, -0.715916, -0.16103, 0.66996)
bones/46/rotation = Quaternion(-0.129114, -0.00216813, 0.0205813, 0.991414)
bones/47/rotation = Quaternion(-0.0749137, -0.000970302, -0.0242319, 0.996895)
bones/48/rotation = Quaternion(-0.0905472, -0.757809, -0.164775, 0.6248)
bones/49/rotation = Quaternion(-0.22482, -0.00532059, 0.0154659, 0.974263)
bones/50/rotation = Quaternion(-0.216225, -0.00086863, 0.00430952, 0.976334)
bones/51/position = Vector3(-0.207699, -0.567307, 0.435742)
bones/52/position = Vector3(-0.110148, -0.9892, 0.118364)
bones/52/rotation = Quaternion(-0.494984, -2.55846e-05, 1.45746e-05, 0.868902)
bones/53/rotation = Quaternion(0.708872, 0.150527, -0.624829, -0.290571)
bones/54/rotation = Quaternion(-0.319956, 0.641714, 0.330325, 0.613773)
bones/55/position = Vector3(-0.246117, 0.0991967, -0.320106)
bones/56/position = Vector3(-0.360436, -0.17702, 0.0285652)
bones/56/rotation = Quaternion(-0.00858936, -0.675828, 0.736553, -0.0259401)
bones/57/rotation = Quaternion(0.581547, -0.0177559, 0.0126974, 0.81322)
bones/58/rotation = Quaternion(0.27979, -0.174793, 0.202235, 0.922099)
bones/60/rotation = Quaternion(0.0921979, -0.0105616, -0.161114, 0.982563)
bones/61/rotation = Quaternion(-0.0499963, 0.403263, -0.04142, 0.912778)
bones/62/rotation = Quaternion(-0.0640214, 0.36437, 0.026961, 0.92866)
bones/64/rotation = Quaternion(-0.0660323, 0.000856409, -0.0123626, 0.997741)
bones/65/rotation = Quaternion(-0.127443, 0.000862817, -0.0329058, 0.9913)
bones/66/rotation = Quaternion(-0.0567512, 0.694556, 0.121872, 0.706766)
bones/68/rotation = Quaternion(-0.0614352, 0.00129768, 0.0242166, 0.997816)
bones/69/rotation = Quaternion(-0.164016, 0.689759, 0.221906, 0.669395)
bones/70/rotation = Quaternion(-0.097159, 0.00327936, -0.0160233, 0.995135)
bones/71/rotation = Quaternion(-0.092743, 0.000324262, -0.00438422, 0.99568)

[node name="bangs_01" parent="Armature/Skeleton3D" index="0"]
visible = false

[node name="bangs_02" parent="Armature/Skeleton3D" index="1"]
visible = false

[node name="bangs_03" parent="Armature/Skeleton3D" index="2"]
visible = false

[node name="bangs_06" parent="Armature/Skeleton3D" index="3"]
visible = false

[node name="bangs_07" parent="Armature/Skeleton3D" index="4"]
visible = false

[node name="bangs_08" parent="Armature/Skeleton3D" index="5"]
visible = false

[node name="bangs_09" parent="Armature/Skeleton3D" index="6"]
visible = false

[node name="bangs_10" parent="Armature/Skeleton3D" index="7"]
visible = false

[node name="bangs_11" parent="Armature/Skeleton3D" index="8"]
visible = false

[node name="bangs_12" parent="Armature/Skeleton3D" index="9"]
visible = false

[node name="bangs_13" parent="Armature/Skeleton3D" index="10"]
visible = false

[node name="bangs_14" parent="Armature/Skeleton3D" index="11"]
visible = false

[node name="bangs_15" parent="Armature/Skeleton3D" index="12"]
visible = false

[node name="bangs_16" parent="Armature/Skeleton3D" index="13"]
visible = false

[node name="bangs_04" parent="Armature/Skeleton3D" index="14"]
visible = false

[node name="bangs_05" parent="Armature/Skeleton3D" index="15"]
visible = false

[node name="bangs_17" parent="Armature/Skeleton3D" index="16"]
visible = false

[node name="bangs_18" parent="Armature/Skeleton3D" index="17"]
visible = false

[node name="bangs_19" parent="Armature/Skeleton3D" index="18"]
visible = false

[node name="bangs_20" parent="Armature/Skeleton3D" index="19"]
visible = false

[node name="bottom_01" parent="Armature/Skeleton3D" index="21"]
visible = false

[node name="bottom_02" parent="Armature/Skeleton3D" index="22"]
visible = false

[node name="bottom_03" parent="Armature/Skeleton3D" index="23"]
visible = false

[node name="bottom_04" parent="Armature/Skeleton3D" index="24"]
visible = false

[node name="bottom_05" parent="Armature/Skeleton3D" index="25"]
visible = false

[node name="facial_01" parent="Armature/Skeleton3D" index="26"]
visible = false

[node name="facial_02" parent="Armature/Skeleton3D" index="27"]
visible = false

[node name="facial_03" parent="Armature/Skeleton3D" index="28"]
visible = false

[node name="facial_04" parent="Armature/Skeleton3D" index="29"]
visible = false

[node name="facial_05" parent="Armature/Skeleton3D" index="30"]
visible = false

[node name="facial_06" parent="Armature/Skeleton3D" index="31"]
visible = false

[node name="facial_07" parent="Armature/Skeleton3D" index="32"]
visible = false

[node name="facial_08" parent="Armature/Skeleton3D" index="33"]
visible = false

[node name="facial_09" parent="Armature/Skeleton3D" index="34"]
visible = false

[node name="facial_10" parent="Armature/Skeleton3D" index="35"]
visible = false

[node name="facial_11" parent="Armature/Skeleton3D" index="36"]
visible = false

[node name="hair_01" parent="Armature/Skeleton3D" index="37"]
visible = false

[node name="hair_02" parent="Armature/Skeleton3D" index="38"]
visible = false

[node name="hair_03" parent="Armature/Skeleton3D" index="39"]
visible = false

[node name="hair_04" parent="Armature/Skeleton3D" index="40"]
visible = false

[node name="hair_05" parent="Armature/Skeleton3D" index="41"]
visible = false

[node name="hair_06" parent="Armature/Skeleton3D" index="42"]
visible = false

[node name="hair_07" parent="Armature/Skeleton3D" index="43"]
visible = false

[node name="hair_08" parent="Armature/Skeleton3D" index="44"]
visible = false

[node name="hair_09" parent="Armature/Skeleton3D" index="45"]
visible = false

[node name="hair_10" parent="Armature/Skeleton3D" index="46"]
visible = false

[node name="hat_0" parent="Armature/Skeleton3D" index="47"]
visible = false

[node name="hat_1" parent="Armature/Skeleton3D" index="48"]
visible = false

[node name="hat_2" parent="Armature/Skeleton3D" index="49"]
visible = false

[node name="hat_3" parent="Armature/Skeleton3D" index="50"]
visible = false

[node name="hat_4" parent="Armature/Skeleton3D" index="51"]
visible = false

[node name="hat_5" parent="Armature/Skeleton3D" index="52"]
visible = false

[node name="mask_01" parent="Armature/Skeleton3D" index="53"]
visible = false

[node name="mask_02" parent="Armature/Skeleton3D" index="54"]
visible = false

[node name="mask_04" parent="Armature/Skeleton3D" index="55"]
visible = false

[node name="necklace_01" parent="Armature/Skeleton3D" index="56"]
visible = false

[node name="shoes_01" parent="Armature/Skeleton3D" index="57"]
visible = false

[node name="shoes_02" parent="Armature/Skeleton3D" index="58"]
visible = false

[node name="shoulder_guards" parent="Armature/Skeleton3D" index="59"]
visible = false

[node name="top_01" parent="Armature/Skeleton3D" index="60"]
visible = false

[node name="top_02" parent="Armature/Skeleton3D" index="61"]
visible = false

[node name="top_03" parent="Armature/Skeleton3D" index="62"]
visible = false

[node name="top_04" parent="Armature/Skeleton3D" index="63"]
visible = false

[node name="top_05" parent="Armature/Skeleton3D" index="64"]
visible = false

[node name="top_06" parent="Armature/Skeleton3D" index="65"]
visible = false

[node name="wiggle_hair_long_1" type="BoneAttachment3D" parent="Armature/Skeleton3D" index="67"]
transform = Transform3D(0.999488, -0.0117745, -0.0297461, -0.00623915, -0.983694, 0.179741, -0.0313774, -0.179463, -0.983266, 0.000354643, 0.52918, -0.177157)
bone_name = "hair_long_1"
bone_idx = 4
script = ExtResource("2_482ea")
properties = SubResource("Resource_alcap")

[node name="wiggle_hair_long_2" type="BoneAttachment3D" parent="Armature/Skeleton3D" index="68"]
transform = Transform3D(0.999502, -0.00373963, -0.0313404, -0.00360509, -0.999984, 0.00434843, -0.0313561, -0.00423328, -0.999501, -0.00202829, 0.3301, -0.213477)
bone_name = "hair_long_2"
bone_idx = 5
script = ExtResource("2_482ea")
properties = SubResource("Resource_aafn1")

[node name="wiggle_hair_long_3" type="BoneAttachment3D" parent="Armature/Skeleton3D" index="69"]
transform = Transform3D(0.999501, 0.000614195, -0.0315847, -0.00196216, -0.996674, -0.0814744, -0.0315296, 0.0814955, -0.996177, -0.00273156, 0.142044, -0.214273)
bone_name = "hair_long_3"
bone_idx = 6
script = ExtResource("2_482ea")
properties = SubResource("Resource_aafn1")

[node name="wiggle_hair_med_bun_1" type="BoneAttachment3D" parent="Armature/Skeleton3D" index="70"]
transform = Transform3D(0.999617, -0.0274967, 0.00314948, -0.0107438, -0.280649, 0.95975, -0.0255061, -0.959417, -0.280837, 0.00524749, 0.741365, -0.0936743)
bone_name = "hair_med_bun_1"
bone_idx = 11
script = ExtResource("2_482ea")
properties = SubResource("Resource_aafn1")

[node name="wiggle_hair_med_bun_2" type="BoneAttachment3D" parent="Armature/Skeleton3D" index="71"]
transform = Transform3D(0.999638, -0.00352612, -0.0266839, -0.00642844, -0.993969, -0.109476, -0.026137, 0.109608, -0.993631, 0.00190317, 0.707231, -0.210364)
bone_name = "hair_med_bun_2"
bone_idx = 12
script = ExtResource("2_482ea")
properties = SubResource("Resource_aafn1")

[node name="wiggle_hair_med_bun_3" type="BoneAttachment3D" parent="Armature/Skeleton3D" index="72"]
transform = Transform3D(0.999617, 0.00553504, -0.0271116, -0.00377306, -0.943373, -0.331712, -0.0274124, 0.331687, -0.942991, 0.00148127, 0.588303, -0.19725)
bone_name = "hair_med_bun_3"
bone_idx = 13
script = ExtResource("2_482ea")
properties = SubResource("Resource_aafn1")

[node name="wiggle_hair_long_bun_1" type="BoneAttachment3D" parent="Armature/Skeleton3D" index="73"]
transform = Transform3D(0.999617, -0.0274125, 0.00366205, -0.0108575, -0.267204, 0.963579, -0.0254356, -0.96325, -0.2674, 0.00524749, 0.741365, -0.0936743)
bone_name = "hair_long_bun_1"
bone_idx = 14
script = ExtResource("2_482ea")
properties = SubResource("Resource_aafn1")

[node name="wiggle_hair_long_bun_2" type="BoneAttachment3D" parent="Armature/Skeleton3D" index="74"]
transform = Transform3D(0.999639, -0.00363145, -0.0266186, -0.00650084, -0.994074, -0.108517, -0.0260668, 0.108651, -0.993738, 0.00111037, 0.701038, -0.239049)
bone_name = "hair_long_bun_2"
bone_idx = 15
script = ExtResource("2_482ea")
properties = SubResource("Resource_aafn1")

[node name="wiggle_hair_long_bun_3" type="BoneAttachment3D" parent="Armature/Skeleton3D" index="75"]
transform = Transform3D(0.999626, 0.00359424, -0.0271104, -0.00377312, -0.963719, -0.266892, -0.0270861, 0.266894, -0.963345, 0.000454788, 0.521578, -0.219434)
bone_name = "hair_long_bun_3"
bone_idx = 16
script = ExtResource("2_482ea")
properties = SubResource("Resource_aafn1")

[node name="wiggle_hair_long_bun_4" type="BoneAttachment3D" parent="Armature/Skeleton3D" index="76"]
transform = Transform3D(0.999608, 0.00739133, -0.0270082, -0.00202428, -0.942934, -0.332974, -0.0279281, 0.332898, -0.942549, 0.0011944, 0.323267, -0.164513)
bone_name = "hair_long_bun_4"
bone_idx = 17
script = ExtResource("2_482ea")
properties = SubResource("Resource_aafn1")

[node name="wiggle_hair_med_1_l" type="BoneAttachment3D" parent="Armature/Skeleton3D" index="77"]
transform = Transform3D(0.998046, 0.0382297, 0.0485747, 0.0344574, -0.996495, 0.0762283, 0.0513165, -0.0744088, -0.995906, 0.0828438, 0.641432, 0.048256)
bone_name = "hair_med_1_l"
bone_idx = 8
script = ExtResource("2_482ea")
properties = SubResource("Resource_aafn1")

[node name="wiggle_hair_med_2_l" type="BoneAttachment3D" parent="Armature/Skeleton3D" index="78"]
transform = Transform3D(0.991067, 0.0778248, 0.108329, 0.0591634, -0.984364, 0.165916, 0.119547, -0.158024, -0.980174, 0.0698793, 0.659447, -0.0631608)
bone_name = "hair_med_2_l"
bone_idx = 7
script = ExtResource("2_482ea")
properties = SubResource("Resource_aafn1")

[node name="wiggle_hair_med_1_r" type="BoneAttachment3D" parent="Armature/Skeleton3D" index="79"]
transform = Transform3D(0.992223, -0.0552129, -0.11118, -0.0467648, -0.995918, 0.0771948, -0.114983, -0.0713983, -0.990797, -0.0650421, 0.642957, 0.0530474)
bone_name = "hair_med_1_r"
bone_idx = 19
script = ExtResource("2_482ea")
properties = SubResource("Resource_aafn1")

[node name="wiggle_hair_med_2_r" type="BoneAttachment3D" parent="Armature/Skeleton3D" index="80"]
transform = Transform3D(0.980745, -0.0999155, -0.167782, -0.0715014, -0.983261, 0.167585, -0.181718, -0.152363, -0.971472, -0.0589476, 0.660776, -0.0589869)
bone_name = "hair_med_2_r"
bone_idx = 18
script = ExtResource("2_482ea")
properties = SubResource("Resource_aafn1")

[node name="wiggle_hair_short_bun_1" type="BoneAttachment3D" parent="Armature/Skeleton3D" index="81"]
transform = Transform3D(0.99962, -0.0258829, 0.00947902, -0.0122925, -0.110801, 0.993767, -0.0246713, -0.993506, -0.111077, 0.00524749, 0.741365, -0.0936743)
bone_name = "hair_short_bun_1"
bone_idx = 9
script = ExtResource("2_482ea")
properties = SubResource("Resource_aafn1")

[node name="wiggle_hair_short_bun_2" type="BoneAttachment3D" parent="Armature/Skeleton3D" index="82"]
transform = Transform3D(0.9996, 0.00292052, -0.0281106, -0.00748224, -0.931808, -0.362875, -0.0272534, 0.362941, -0.931414, 0.00305615, 0.731984, -0.177788)
bone_name = "hair_short_bun_2"
bone_idx = 10
script = ExtResource("2_482ea")
properties = SubResource("Resource_aafn1")

[node name="wiggle_sleeve_l" type="BoneAttachment3D" parent="Armature/Skeleton3D" index="83"]
transform = Transform3D(-0.661001, -0.685319, -0.305641, 0.645559, -0.726993, 0.233955, -0.382533, -0.042665, 0.922956, 0.448695, -0.117983, 0.0525819)
bone_name = "sleeve_l"
bone_idx = 22
script = ExtResource("2_482ea")
properties = SubResource("Resource_aafn1")

[node name="wiggle_sleeve_r" type="BoneAttachment3D" parent="Armature/Skeleton3D" index="84"]
transform = Transform3D(-0.66302, 0.707658, 0.244183, -0.631994, -0.703956, 0.324084, 0.401234, 0.060552, 0.913972, -0.420937, -0.1272, 0.00798358)
bone_name = "sleeve_r"
bone_idx = 25
script = ExtResource("2_482ea")
properties = SubResource("Resource_aafn1")

[node name="AnimationTree" type="AnimationTree" parent="." index="2"]
tree_root = SubResource("AnimationNodeStateMachine_pc8ap")
anim_player = NodePath("../AnimationPlayer")
active = true
